   1  0                    0 120 1 1
   1  1   0.0224686054257028   0 0 0
   1  2   0.0050651097268154   0 0 0
   1  6   0.0297938133979944   0 0 0
   1 12   0.0495610584419954   0 0 0
   1 24   0.0166185224799143   0 0 0
   1 48   0.0469205474207593   0 0 0
   2  0                    0 120 1 1
   2  1     1.49632395919084   0 0 0
   2  2     1.78225774861359   0 0 0
   2  6     1.49241625698909   0 0 0
   2 12     1.05941230909269   0 0 0
   2 24     0.66459890024179   0 0 0
   2 48    0.218269000901444   0 0 0
   3  0                    0 120 1 1
   3  1    0.995290412490254   0 0 0
   3  2       1.334831208477   0 0 0
   3  6     1.21116332471906   0 0 0
   3 12    0.975759911710879   0 0 0
   3 24    0.409227320211892   0 0 0
   3 48    0.126405920242261   0 0 0
   4  0                    0 120 1 1
   4  1    0.515427404370462   0 0 0
   4  2    0.862997889418716   0 0 0
   4  6      1.0039706538381   0 0 0
   4 12    0.853368366811634   0 0 0
   4 24    0.373023459080814   0 0 0
   4 48    0.149727580756471   0 0 0
   5  0                    0 120 1 1
   5  1     1.61665528321854   0 0 0
   5  2     2.34983358054871   0 0 0
   5  6     2.53878605863372   0 0 0
   5 12     2.11031562185506   0 0 0
   5 24     1.74818476152729   0 0 0
   5 48     1.03471282134019   0 0 0
   6  0                    0 120 1 1
   6  1     0.17963435775308   0 0 0
   6  2     0.13366017949876   0 0 0
   6  6    0.182475650136285   0 0 0
   6 12    0.105689987097679   0 0 0
   6 24   0.0931952930635833   0 0 0
   6 48   0.0186536022700956   0 0 0
   7  0                    0 120 1 1
   7  1     1.51037891288894   0 0 0
   7  2     2.06329318538567   0 0 0
   7  6     1.80543140082483   0 0 0
   7 12     1.25407509831975   0 0 0
   7 24     0.40450103452578   0 0 0
   7 48   0.0880298512967888   0 0 0
   8  0                    0 120 1 1
   8  1    0.290378584290064   0 0 0
   8  2    0.295486342566261   0 0 0
   8  6    0.379791387096114   0 0 0
   8 12    0.330741390161589   0 0 0
   8 24    0.162210700840034   0 0 0
   8 48  0.00889782004708962   0 0 0
   9  0                    0 120 1 1
   9  1     2.35756890094211   0 0 0
   9  2     2.12147265846804   0 0 0
   9  6     1.36571550774614   0 0 0
   9 12    0.996858717532652   0 0 0
   9 24    0.445288187714094   0 0 0
   9 48    0.096397354097457   0 0 0
  10  0                    0 120 1 1
  10  1     2.26744193742217   0 0 0
  10  2     2.39967314640873   0 0 0
  10  6     2.23027068975095   0 0 0
  10 12     1.60114157632118   0 0 0
  10 24    0.868489247095888   0 0 0
  10 48    0.262960476912423   0 0 0
  11  0                    0 120 1 1
  11  1   -0.893325278175999   0 0 0
  11  2   -0.823941424337326   0 0 0
  11  6   -0.651886914788602   0 0 0
  11 12   -0.507133066737725   0 0 0
  11 24   -0.143559734270557   0 0 0
  11 48  0.00386919744715215   0 0 0
  12  0                    0 120 1 1
  12  1     1.26247349821738   0 0 0
  12  2     1.36955148361459   0 0 0
  12  6     1.11493844392226   0 0 0
  12 12    0.812964126612209   0 0 0
  12 24    0.406742292020325   0 0 0
  12 48     0.16707368076364   0 0 0
  13  0                    0 120 1 1
  13  1    0.729897186713158   0 0 0
  13  2     1.07449705561597   0 0 0
  13  6     1.15577184314268   0 0 0
  13 12     1.00853173245847   0 0 0
  13 24    0.713801835782679   0 0 0
  13 48    0.325186627052836   0 0 0
  14  0                    0 120 1 1
  14  1    0.489470149313799   0 0 0
  14  2    0.488445056776766   0 0 0
  14  6    0.445627214945913   0 0 0
  14 12    0.376439198064168   0 0 0
  14 24    0.234908503229088   0 0 0
  14 48    0.119832648477277   0 0 0
  15  0                    0 120 1 1
  15  1      0.8409183295658   0 0 0
  15  0     1.03090114632788   0 0 0
  15  1     1.01440647386829   0 0 0
  15  2    0.634699427261321   0 0 0
  15  6    0.233588084909505   0 0 0
  15 12    0.021306643764525   0 0 0
  16 24                    0 120 1 1
  16 48   -0.824489149677871   0 0 0
  16  0   -0.901803164112041   0 0 0
  16  1   -0.783960311577961   0 0 0
  16  2   -0.402723941919122   0 0 0
  16  6   -0.207453249585872   0 0 0
  16 12  0.00794935892687509   0 0 0
  17 24                    0 120 1 1
  17 48      1.4594963163557   0 0 0
  17  0      1.3443947218107   0 0 0
  17  1     1.17413008334601   0 0 0
  17  2     1.05137737008508   0 0 0
  17  6    0.573339662308706   0 0 0
  17 12    0.204850616053558   0 0 0
  18 24                    0 120 1 1
  18 48    0.368721641098918   0 0 0
  18  0    0.534633893442322   0 0 0
  18  1     0.39782082757877   0 0 0
  18  2    0.349748136803072   0 0 0
  18  6    0.229117783883878   0 0 0
  18 12   0.0254179850706523   0 0 0
  19 24                    0 120 1 1
  19 48     1.56293215395851   0 0 0
  19  0     2.33886239748165   0 0 0
  19  1     2.97441879978911   0 0 0
  19  2       2.281174502789   0 0 0
  19  6      1.3609231561828   0 0 0
  19 12    0.606904424779725   0 0 0
  20 24                    0 120 1 1
  20 48     1.23178616242598   0 0 0
  20  0     1.90875238828207   0 0 0
  20  1     2.04223599281531   0 0 0
  20  2      1.2059921026317   0 0 0
  20  6     0.43757067599141   0 0 0
  20 12  0.00177877820104851   0 0 0
  21 24                    0 120 1 1
  21 48   -0.563447511984631   0 0 0
  21  0   -0.525845759446903   0 0 0
  21  1   -0.408298224075571   0 0 0
  21  2   -0.389893374381184   0 0 0
  21  6   -0.253058002077624   0 0 0
  21 12  0.00397135513647387   0 0 0
  22 24                    0 120 1 1
  22 48     2.78018999827758   0 0 0
  22  0     2.61146307563341   0 0 0
  22  1     1.92507031693195   0 0 0
  22  2     1.15770027921171   0 0 0
  22  6    0.366997150008553   0 0 0
  22 12   0.0658003836513371   0 0 0
  23 24                    0 120 1 1
  23 48     1.74157892592667   0 0 0
  23  0     2.03444821098741   0 0 0
  23  1     2.46318805576703   0 0 0
  23  2     1.64607545005663   0 0 0
  23  6    0.725034665966017   0 0 0
  23 12    0.137944602043718   0 0 0
  24 24                    0 120 1 1
  24 48     1.47228910358976   0 0 0
  24  0     1.68089711194059   0 0 0
  24  1     1.27354727918209   0 0 0
  24  2    0.456646550726328   0 0 0
  24  6    0.145717600557663   0 0 0
  24 12   0.0321413460203017   0 0 0
  25 24                    0 120 1 1
  25 48    0.578643868707464   0 0 0
  25  0    0.669789637702236   0 0 0
  25  1    0.679730022931559   0 0 0
  25  2    0.528046740231471   0 0 0
  25  6    0.196917912300741   0 0 0
  25 12   0.0569493828515942   0 0 0
  26 24                    0 120 1 1
  26 48    0.660432480982723   0 0 0
  26  0     1.22366722444082   0 0 0
  26  1     1.35763522441363   0 0 0
  26  2     1.09769833571612   0 0 0
  26  6     0.68137388278394   0 0 0
  26 12    0.305020571556736   0 0 0
  27 24                    0 120 1 1
  27 48    0.531600043116994   0 0 0
  27  0    0.479644280799297   0 0 0
  27  1     0.67439024966533   0 0 0
  27  2     0.55323516515706   0 0 0
  27  6    0.279796529262716   0 0 0
  27 12   0.0819992078641624   0 0 0
  28 24                    0 120 1 1
  28 48    0.133711062646629   0 0 0
  28  0    0.068671515140145   0 0 0
  28  1    0.101486123662374   0 0 0
  28  2   0.0284864632419891   0 0 0
  28  6   0.0710928289650191   0 0 0
  28 12   0.0025776037143424   0 0 0
  29 24                    0 120 1 1
  29 48    0.885176804018696   0 0 0
  29  0    0.954364066156767   0 0 0
  29  1    0.760037541250704   0 0 0
  29  0    0.366820241549018   0 0 0
  29  1    0.190713630230101   0 0 0
  29  2   0.0595038546025593   0 0 0
  30  6                    0 120 1 1
  30 12   -0.342683303419281   0 0 0
  30 24   -0.389623530212308   0 0 0
  30 48   -0.358533738545536   0 0 0
  30  0   -0.375722951072537   0 0 0
  30  1   -0.315500239526607   0 0 0
  30  2   -0.130409058120434   0 0 0
  31  6                    0 120 1 1
  31 12    0.598725851925986   0 0 0
  31 24    0.692997378183784   0 0 0
  31 48    0.527553851634241   0 0 0
  31  0    0.273438960922046   0 0 0
  31  1    0.186610857103657   0 0 0
  31  2   0.0683591511976105   0 0 0
  32  6                    0 120 1 1
  32 12      1.2912873301476   0 0 0
  32 24     1.42259246875009   0 0 0
  32 48     1.28762930725769   0 0 0
  32  0     0.86043477117091   0 0 0
  32  1     0.31154377136022   0 0 0
  32  2   0.0544241188817349   0 0 0
  33  6                    0 120 1 1
  33 12    0.759611263871672   0 0 0
  33 24      1.0341444001851   0 0 0
  33 48    0.992624606780871   0 0 0
  33  0     0.74581389038706   0 0 0
  33  1    0.408230929100969   0 0 0
  33  2   0.0518141220702988   0 0 0
  34  6                    0 120 1 1
  34 12   -0.235207278470392   0 0 0
  34 24   -0.454889475321496   0 0 0
  34 48   -0.401826229862272   0 0 0
  34  0   -0.313983348737571   0 0 0
  34  1  0.00739067986523993   0 0 0
  34  2  0.00541865658220886   0 0 0
  35  6                    0 120 1 1
  35 12    0.687141251555283   0 0 0
  35 24    0.520024975237486   0 0 0
  35 48    0.492610363507818   0 0 0
  35  0    0.504016138409026   0 0 0
  35  1    0.220306618131592   0 0 0
  35  2      0.1974311873127   0 0 0
  36  6                    0 120 1 1
  36 12    0.689879606258087   0 0 0
  36 24    0.794103794790183   0 0 0
  36 48    0.655566421722466   0 0 0
  36  0    0.461244023936919   0 0 0
  36  1    0.204020640544725   0 0 0
  36  2   0.0598205252482604   0 0 0
  37  6                    0 120 1 1
  37 12    0.852063104527494   0 0 0
  37 24     1.10658196265772   0 0 0
  37 48     1.43177382914039   0 0 0
  37  0     1.03564645254203   0 0 0
  37  1    0.518055199605408   0 0 0
  37  2    0.106476808989573   0 0 0
  38  6                    0 120 1 1
  38 12    0.717603877257551   0 0 0
  38 24    0.848587687916424   0 0 0
  38 48    0.727827644832299   0 0 0
  38  0    0.649868534196403   0 0 0
  38  1    0.301322490597372   0 0 0
  38  2   0.0705788255202703   0 0 0
  39  6                    0 120 1 1
  39 12     1.89714616716826   0 0 0
  39 24     1.85499974987523   0 0 0
  39 48     2.00052229139474   0 0 0
  39  0     1.63756509302104   0 0 0
  39  1    0.936176019830437   0 0 0
  39  2    0.354730621874676   0 0 0
  40  6                    0 120 1 1
  40 12   -0.868704703014143   0 0 0
  40 24   -0.722867410073172   0 0 0
  40 48   -0.525891963190492   0 0 0
  40  0   -0.379534801370829   0 0 0
  40  1   -0.135314478767321   0 0 0
  40  2  0.00799293754478842   0 0 0
  41  6                    0 120 1 1
  41 12     2.35017607183838   0 0 0
  41 24     2.79849850239425   0 0 0
  41 48     2.12984872952989   0 0 0
  41  0     1.21577471989796   0 0 0
  41  1    0.519816649417333   0 0 0
  41  2   0.0873414368400554   0 0 0
  42  6                    0 120 1 1
  42 12   -0.300735357991401   0 0 0
  42 24   -0.328295554142437   0 0 0
  42 48   -0.183198199536589   0 0 0
  42  0  -0.0899107351911398   0 0 0
  42  1   0.0379267760452108   0 0 0
  42  2    0.057446485260941   0 0 0
  43  6                    0 120 1 1
  43 12   0.0225894897502103   0 0 0
  43 24   0.0506591901868708   0 0 0
  43 48   0.0688893734155613   0 0 0
  43  0   0.0195226164915581   0 0 0
  43  1   0.0436906543740958   0 0 0
  43  0   0.0286492429575564   0 0 0
  44  1                    0 120 1 1
  44  2      1.4003110433012   0 0 0
  44  6     1.76662135639471   0 0 0
  44 12     1.40777585678004   0 0 0
  44 24     1.18528944635705   0 0 0
  44 48    0.582475049016093   0 0 0
  44  0    0.228187425428374   0 0 0
  45  1                    0 120 1 1
  45  2   -0.370030444308811   0 0 0
  45  6   -0.326894856161776   0 0 0
  45 12   -0.184737900489937   0 0 0
  45 24   -0.116972998953894   0 0 0
  45 48  0.00495286673635337   0 0 0
  45  0 0.000827903623513614   0 0 0
  46  1                    0 120 1 1
  46  2     2.66633961827838   0 0 0
  46  6     2.62252791987202   0 0 0
  46 12     2.12023126793748   0 0 0
  46 24     1.41469448823044   0 0 0
  46 48    0.697146287987877   0 0 0
  46  0    0.159729313085494   0 0 0
  47  1                    0 120 1 1
  47  2     2.44621266126815   0 0 0
  47  6     2.93894804970468   0 0 0
  47 12     2.65485325877915   0 0 0
  47 24     1.92816940736454   0 0 0
  47 48     1.19429079475365   0 0 0
  47  0    0.505296260379925   0 0 0
  48  1                    0 120 1 1
  48  2    0.934446969634649   0 0 0
  48  6     1.07125969055418   0 0 0
  48 12     1.02078146955139   0 0 0
  48 24      0.8906699369776   0 0 0
  48 48    0.441724912408618   0 0 0
  48  0    0.232697222008814   0 0 0
  49  1                    0 120 1 1
  49  2    0.849799649582182   0 0 0
  49  6     1.23894986114669   0 0 0
  49 12    0.847719071931316   0 0 0
  49 24    0.730626663624565   0 0 0
  49 48    0.477603644367169   0 0 0
  49  0    0.178164037053605   0 0 0
  50  1                    0 120 1 1
  50  2    -0.20313119316573   0 0 0
  50  6   -0.227268837795633   0 0 0
  50 12   -0.236726386248767   0 0 0
  50 24   -0.150390745549097   0 0 0
  50 48   0.0570621051159111   0 0 0
  50  0   0.0470334707267847   0 0 0
  51  1                    0 120 1 1
  51  2    0.823165896388317   0 0 0
  51  6     1.14919248127796   0 0 0
  51 12     1.19846158229524   0 0 0
  51 24    0.931139601797994   0 0 0
  51 48    0.564639845167312   0 0 0
  51  0    0.222736896133969   0 0 0
  52  1                    0 120 1 1
  52  2     3.86941409008259   0 0 0
  52  6     4.21144010269441   0 0 0
  52 12     3.05472392709397   0 0 0
  52 24     2.38301202623902   0 0 0
  52 48     1.15741588011332   0 0 0
  52  0    0.190019502665187   0 0 0
  53  1                    0 120 1 1
  53  2     2.18659710170646   0 0 0
  53  6     2.10512375126756   0 0 0
  53 12     1.54815662004455   0 0 0
  53 24    0.932733574213216   0 0 0
  53 48    0.228664816236837   0 0 0
  53  0   0.0663509505626855   0 0 0
  54  1                    0 120 1 1
  54  2     1.68313896146245   0 0 0
  54  6     2.24654532853417   0 0 0
  54 12     1.87122652556448   0 0 0
  54 24     1.67544051898278   0 0 0
  54 48     1.23509882730331   0 0 0
  54  0    0.515987181769083   0 0 0
  55  1                    0 120 1 1
  55  2     1.52533667796412   0 0 0
  55  6     1.35020908470167   0 0 0
  55 12     1.06445308065515   0 0 0
  55 24    0.832931886994487   0 0 0
  55 48    0.515807417627965   0 0 0
  55  0    0.161333436708822   0 0 0
  56  1                    0 120 1 1
  56  2     1.72292456035556   0 0 0
  56  6     1.97850436473963   0 0 0
  56 12     1.67515764157602   0 0 0
  56 24     1.25835829174147   0 0 0
  56 48    0.811053481284313   0 0 0
  56  0    0.302884845686295   0 0 0
  57  1                    0 120 1 1
  57  2   -0.722223013916592   0 0 0
  57  6   -0.921533704214373   0 0 0
  57 12   -0.732601701509138   0 0 0
  57 24   -0.531301556835373   0 0 0
  57 48   -0.176229130075416   0 0 0
  57  0   0.0139084507134165   0 0 0
  58  1                    0 120 1 1
  58  0      0.5938953168566   0 0 0
  58  1    0.633900140621796   0 0 0
  58  2      0.5877333706682   0 0 0
  58  6    0.477280197628037   0 0 0
  58 12    0.284001818722669   0 0 0
  58 24    0.186992315932658   0 0 0
  59 48                    0 120 1 1
  59  0    0.869501944493456   0 0 0
  59  1     1.39572817466486   0 0 0
  59  2     1.62316231406737   0 0 0
  59  6     1.38385502788429   0 0 0
  59 12     0.80528996564115   0 0 0
  59 24    0.232628460991921   0 0 0
  60 48                    0 120 1 1
  60  0      2.6325797900879   0 0 0
  60  1     2.92001766931429   0 0 0
  60  2     2.03293034575137   0 0 0
  60  6     1.05883502954816   0 0 0
  60 12    0.199493845663075   0 0 0
  60 24   0.0263214982080689   0 0 0
  61 48                    0 120 1 1
  61  0    0.555636196882194   0 0 0
  61  1    0.564305573212123   0 0 0
  61  2    0.455140551255992   0 0 0
  61  6    0.261625122694612   0 0 0
  61 12   0.0619420088729983   0 0 0
  61 24   0.0124446606390504   0 0 0
  62 48                    0 120 1 1
  62  0     1.97258305606152   0 0 0
  62  1     1.83643225005593   0 0 0
  62  2     1.72783089116782   0 0 0
  62  6     1.44250508884547   0 0 0
  62 12    0.741790845585623   0 0 0
  62 24    0.221681714937888   0 0 0
  63 48                    0 120 1 1
  63  0     1.12656200991816   0 0 0
  63  1     1.20997820629974   0 0 0
  63  2     1.23495342192294   0 0 0
  63  6    0.992699049781405   0 0 0
  63 12     0.48936106241504   0 0 0
  63 24     0.21996643820405   0 0 0
  64 48                    0 120 1 1
  64  0     1.31062389261463   0 0 0
  64  1     1.60578767107071   0 0 0
  64  2     1.55800669852773   0 0 0
  64  6       1.398423019803   0 0 0
  64 12    0.865771053478985   0 0 0
  64 24    0.440676188352451   0 0 0
  65 48                    0 120 1 1
  65  0  -0.0877876778681787   0 0 0
  65  1   -0.201967140436933   0 0 0
  65  2   -0.110895608268572   0 0 0
  65  6   -0.145553520592015   0 0 0
  65 12  0.00285473101238232   0 0 0
  65 24   0.0207743855233066   0 0 0
  66 48                    0 120 1 1
  66  0     2.16214207858818   0 0 0
  66  1      2.0555189286293   0 0 0
  66  2     2.00120483372925   0 0 0
  66  6     1.62045655329695   0 0 0
  66 12     1.18885426677076   0 0 0
  66 24    0.622816537813583   0 0 0
  67 48                    0 120 1 1
  67  0   -0.183961908625391   0 0 0
  67  1   -0.140943529501617   0 0 0
  67  2   -0.161228387648827   0 0 0
  67  6  0.00485804418029545   0 0 0
  67 12  0.00593585248850582   0 0 0
  67 24   0.0198299186594601   0 0 0
  68 48                    0 120 1 1
  68  0      1.5838704204549   0 0 0
  68  1     2.13903750868421   0 0 0
  68  2     1.72302320362254   0 0 0
  68  6    0.999598138748687   0 0 0
  68 12    0.507970889632171   0 0 0
  68 24    0.119090735106789   0 0 0
  69 48                    0 120 1 1
  69  0     2.53087758877337   0 0 0
  69  1      3.0401110913466   0 0 0
  69  2      2.4323059726328   0 0 0
  69  6     1.99755119179143   0 0 0
  69 12     1.08858954522052   0 0 0
  69 24    0.402159317762519   0 0 0
  70 48                    0 120 1 1
  70  0    0.551295102766056   0 0 0
  70  1    0.733913474853064   0 0 0
  70  2    0.771262789882938   0 0 0
  70  6    0.691217342150021   0 0 0
  70 12    0.367457844832015   0 0 0
  70 24    0.212449140339803   0 0 0
  71 48                    0 120 1 1
  71  0     1.30132292854243   0 0 0
  71  1     1.55361247754407   0 0 0
  71  2     1.27249628506016   0 0 0
  71  6    0.948286482850719   0 0 0
  71 12    0.346695226526324   0 0 0
  71 24    0.104579096893691   0 0 0
  72 48                    0 120 1 1
  72  0    0.463146350156018   0 0 0
  72  1    0.738477471411929   0 0 0
  72  0    0.570356748263468   0 0 0
  72  1    0.375801300746673   0 0 0
  72  2    0.174702457530252   0 0 0
  72  6   0.0758073205917273   0 0 0
  73 12                    0 120 1 1
  73 24     1.47165312268451   0 0 0
  73 48     1.42631851087068   0 0 0
  73  0    0.697418198829566   0 0 0
  73  1    0.421949200517732   0 0 0
  73  2    0.205468431673676   0 0 0
  73  6   0.0343338432902653   0 0 0
  74 12                    0 120 1 1
  74 24    0.499061793293973   0 0 0
  74 48    0.594572375855616   0 0 0
  74  0    0.686983836748954   0 0 0
  74  1    0.355362960972798   0 0 0
  74  2      0.1297810453213   0 0 0
  74  6  0.00281748692937287   0 0 0
  75 12                    0 120 1 1
  75 24   0.0181848615588968   0 0 0
  75 48  -0.0664473085713883   0 0 0
  75  0  0.00400961522740917   0 0 0
  75  1   0.0167333742371599   0 0 0
  75  2  0.00235865482305203   0 0 0
  75  6   0.0290131474809496   0 0 0
  76 12                    0 120 1 1
  76 24    0.119085753989076   0 0 0
  76 48    0.176976699213978   0 0 0
  76  0    0.175920701655288   0 0 0
  76  1     0.11450892001255   0 0 0
  76  2   0.0274188027424637   0 0 0
  76  6   0.0174799694243912   0 0 0
  77 12                    0 120 1 1
  77 24     0.68803981369809   0 0 0
  77 48    0.728257258684484   0 0 0
  77  0    0.629040541472663   0 0 0
  77  1    0.422099734746929   0 0 0
  77  2    0.196782830447222   0 0 0
  77  6    0.075756453218963   0 0 0
  78 12                    0 120 1 1
  78 24   0.0246062089861597   0 0 0
  78 48  0.00446914291401757   0 0 0
  78  0   0.0177367789981707   0 0 0
  78  1   0.0265287227254204   0 0 0
  78  2   0.0394481934003445   0 0 0
  78  6   0.0120039598329252   0 0 0
  79 12                    0 120 1 1
  79 24   -0.247187070617854   0 0 0
  79 48    -0.26171744326368   0 0 0
  79  0   -0.141521248334678   0 0 0
  79  1  -0.0947493208773958   0 0 0
  79  2 0.000359525746998393   0 0 0
  79  6  0.00713301432742642   0 0 0
  80 12                    0 120 1 1
  80 24    0.695211895723363   0 0 0
  80 48    0.809376975622536   0 0 0
  80  0    0.676834768384098   0 0 0
  80  1    0.472307603518976   0 0 0
  80  2    0.395401748971368   0 0 0
  80  6    0.218527098531282   0 0 0
  81 12                    0 120 1 1
  81 24     2.39757012411028   0 0 0
  81 48     2.31249592442462   0 0 0
  81  0      1.4071100318307   0 0 0
  81  1    0.914272463233578   0 0 0
  81  2    0.445701714977297   0 0 0
  81  6    0.088858759671887   0 0 0
  82 12                    0 120 1 1
  82 24    0.700075375828868   0 0 0
  82 48     1.01561072487825   0 0 0
  82  0     1.08345414165313   0 0 0
  82  1     1.03382610809515   0 0 0
  82  2    0.712710985800804   0 0 0
  82  6    0.303985949918971   0 0 0
  83 12                    0 120 1 1
  83 24     1.85826235645385   0 0 0
  83 48      1.6430085800417   0 0 0
  83  0     1.20828610926764   0 0 0
  83  1     1.07261103908149   0 0 0
  83  2     0.58741190034426   0 0 0
  83  6    0.199072628207775   0 0 0
  84 12                    0 120 1 1
  84 24    -1.12792414161595   0 0 0
  84 48    -1.39457562028903   0 0 0
  84  0    -1.35989392794941   0 0 0
  84  1   -0.887558532362277   0 0 0
  84  2   -0.279700834012525   0 0 0
  84  6   0.0127457067102768   0 0 0
  85 12                    0 120 1 1
  85 24     1.03458934524867   0 0 0
  85 48     1.62176785363394   0 0 0
  85  0     2.03861467982777   0 0 0
  85  1     1.67132023827721   0 0 0
  85  2     1.01590181039626   0 0 0
  85  6    0.333461442588641   0 0 0
  86 12                    0 120 1 1
  86 24    0.943767399232232   0 0 0
  86 48     1.38805669696123   0 0 0
  86  0     1.64082966861714   0 0 0
  86  1     1.35568051856621   0 0 0
  86  0    0.666009201948868   0 0 0
  86  1   0.0797782160374253   0 0 0
  87  2                    0 120 1 1
  87  6     1.61027569840784   0 0 0
  87 12     2.30628257196922   0 0 0
  87 24     2.53362589113931   0 0 0
  87 48     1.93585794235167   0 0 0
  87  0     1.15704954063659   0 0 0
  87  1    0.421108154556432   0 0 0
  88  2                    0 120 1 1
  88  6   0.0568727523510677   0 0 0
  88 12   0.0805702780084437   0 0 0
  88 24    0.192083271493948   0 0 0
  88 48   0.0398080726109734   0 0 0
  88  0   0.0120722686760422   0 0 0
  88  1   0.0196119194559172   0 0 0
  89  2                    0 120 1 1
  89  6    0.997667390810848   0 0 0
  89 12     1.09908183094149   0 0 0
  89 24     0.87536765827216   0 0 0
  89 48    0.567213313860546   0 0 0
  89  0    0.331488144758216   0 0 0
  89  1   0.0770343933327675   0 0 0
  90  2                    0 120 1 1
  90  6    0.278396073115502   0 0 0
  90 12    0.307222437896951   0 0 0
  90 24    0.209001206657531   0 0 0
  90 48    0.109159381400327   0 0 0
  90  0   0.0895422906949438   0 0 0
  90  1   0.0774312952418761   0 0 0
  91  2                    0 120 1 1
  91  6     2.75643492571478   0 0 0
  91 12     2.61561467891589   0 0 0
  91 24     1.76917000863326   0 0 0
  91 48      1.3100627860472   0 0 0
  91  0    0.588058217977006   0 0 0
  91  1    0.146531508620719   0 0 0
  92  2                    0 120 1 1
  92  6    0.481189444315683   0 0 0
  92 12    0.535095300154288   0 0 0
  92 24    0.551241913223421   0 0 0
  92 48    0.447774715511299   0 0 0
  92  0    0.248855887420991   0 0 0
  92  1    0.112903597907352   0 0 0
  93  2                    0 120 1 1
  93  6     1.27256194414095   0 0 0
  93 12     1.51011709190276   0 0 0
  93 24      1.3623442469096   0 0 0
  93 48    0.934559682052852   0 0 0
  93  0    0.613694575121321   0 0 0
  93  1    0.306956524647237   0 0 0
  94  2                    0 120 1 1
  94  6      1.6256504910928   0 0 0
  94 12      1.5173858723757   0 0 0
  94 24     1.49898663822006   0 0 0
  94 48     1.13560295394092   0 0 0
  94  0    0.731284415772701   0 0 0
  94  1    0.351383322917286   0 0 0
  95  2                    0 120 1 1
  95  6     1.00170622781697   0 0 0
  95 12      1.2741850644891   0 0 0
  95 24     1.16082563008878   0 0 0
  95 48    0.661544296149847   0 0 0
  95  0    0.328519895531291   0 0 0
  95  1   0.0544164852652954   0 0 0
  96  2                    0 120 1 1
  96  6     1.43360841397094   0 0 0
  96 12      1.4405035317968   0 0 0
  96 24     1.16479690650964   0 0 0
  96 48    0.716757369724357   0 0 0
  96  0    0.335788599625589   0 0 0
  96  1   0.0305499438858213   0 0 0
  97  2                    0 120 1 1
  97  6     1.58477710421429   0 0 0
  97 12     1.54036145526889   0 0 0
  97 24     1.56657445230495   0 0 0
  97 48     1.08985192277569   0 0 0
  97  0    0.528377992485666   0 0 0
  97  1    0.041921145454742   0 0 0
  98  2                    0 120 1 1
  98  6     1.61177223507598   0 0 0
  98 12     1.70081454773191   0 0 0
  98 24     1.15813953871777   0 0 0
  98 48     0.62895377277199   0 0 0
  98  0    0.131048359033731   0 0 0
  98  1  0.00350577225886453   0 0 0
  99  2                    0 120 1 1
  99  6    0.793393135256463   0 0 0
  99 12    0.997993466222446   0 0 0
  99 24     1.08055623080363   0 0 0
  99 48    0.856361182383344   0 0 0
  99  0    0.486999677142962   0 0 0
  99  1    0.159665952702089   0 0 0
 100  2                    0 120 1 1
 100  6    0.424083778387847   0 0 0
 100 12    0.635099498678731   0 0 0
 100 24    0.487224158223492   0 0 0
 100 48     0.45586241589553   0 0 0
 100  0    0.191349572566972   0 0 0
 100  1    0.101668825055145   0 0 0
