   1   0                   0 120 1 1
   1 0.5   0.551850810669116   0 0 0
   1   1   0.890918592850877   0 0 0
   1   2    1.10418056385699   0 0 0
   1   4   0.994489173676768   0 0 0
   1   6   0.940450882205874   0 0 0
   1   8   0.899800004491558   0 0 0
   1  12   0.829178790447327   0 0 0
   1  24   0.443570756049193   0 0 0
   1  48   0.111428920008288   0 0 0
   2   0                   0 120 1 1
   2 0.5   0.856540572102016   0 0 0
   2   1    1.37761767699625   0 0 0
   2   2    1.49702541367085   0 0 0
   2   4    1.17644433844106   0 0 0
   2   6     1.2142455935037   0 0 0
   2   8    1.14315655763728   0 0 0
   2  12   0.811901882872664   0 0 0
   2  24   0.551734775099061   0 0 0
   2  48   0.134720970614341   0 0 0
   3   0                   0 120 1 1
   3 0.5   0.718125350471387   0 0 0
   3   1   0.902527048643519   0 0 0
   3   2    1.09667894639356   0 0 0
   3   4    1.08336930582089   0 0 0
   3   6   0.983357414707873   0 0 0
   3   8   0.885014248007445   0 0 0
   3  12   0.772683111558196   0 0 0
   3  24   0.402964430387276   0 0 0
   3  48  0.0431253921527088   0 0 0
   4   0                   0 120 1 1
   4 0.5   0.510744118607421   0 0 0
   4   1   0.763776411740865   0 0 0
   4   2    1.06043026349622   0 0 0
   4   4    1.14797223695333   0 0 0
   4   6    1.31273761736338   0 0 0
   4   8    1.10038496433819   0 0 0
   4  12     0.9955604033948   0 0 0
   4  24   0.384543037532381   0 0 0
   4  48    0.16243114725219   0 0 0
   5   0                   0 120 1 1
   5 0.5   0.433998124333414   0 0 0
   5   1   0.741224623083911   0 0 0
   5   2    1.07136648103819   0 0 0
   5   4    1.07959272986149   0 0 0
   5   6    1.10692875596472   0 0 0
   5   8    1.06433750807732   0 0 0
   5  12    0.91770517121629   0 0 0
   5  24   0.781831457602404   0 0 0
   5  48   0.487465229188401   0 0 0
   6   0                   0 120 1 1
   6 0.5    0.64871358622878   0 0 0
   6   1   0.704183853246051   0 0 0
   6   2   0.939368227862857   0 0 0
   6   4    1.10173327874575   0 0 0
   6   6    1.04797458921514   0 0 0
   6   8   0.996002376354626   0 0 0
   6  12   0.904781349986248   0 0 0
   6  24    0.45832162691849   0 0 0
   6  48   0.255170993624421   0 0 0
   7   0                   0 120 1 1
   7 0.5   0.640280264110637   0 0 0
   7   1   0.830968683668062   0 0 0
   7   2   0.895786577483004   0 0 0
   7   4    1.18592183597044   0 0 0
   7   6   0.881133221346841   0 0 0
   7   8    0.76727632962454   0 0 0
   7  12   0.622689240187545   0 0 0
   7  24    0.24139869809679   0 0 0
   7  48  0.0932441676691647   0 0 0
   8   0                   0 120 1 1
   8 0.5   0.454847955477564   0 0 0
   8   1   0.550233422460576   0 0 0
   8   2   0.746352248296384   0 0 0
   8   4   0.790418887304852   0 0 0
   8   6   0.768565909656991   0 0 0
   8   8   0.735591400904906   0 0 0
   8  12   0.716633109600629   0 0 0
   8  24   0.450791811146695   0 0 0
   8  48   0.230869884983197   0 0 0
   9   0                   0 120 1 1
   9 0.5    1.60547261664742   0 0 0
   9   1    1.55337885520694   0 0 0
   9   2    1.35084262285247   0 0 0
   9   4    1.15996836906195   0 0 0
   9   6   0.950686643282628   0 0 0
   9   8   0.762637885448431   0 0 0
   9  12   0.644245089788659   0 0 0
   9  24   0.291008653749938   0 0 0
   9  48    0.12493694265005   0 0 0
  10   0                   0 120 1 1
  10 0.5    1.14701524740804   0 0 0
  10   1    1.41179441619435   0 0 0
  10   2     1.7715768520562   0 0 0
  10   4    1.52535659940146   0 0 0
  10   6    1.38138237831381   0 0 0
  10   8    1.29761361455646   0 0 0
  10  12    1.00142921185982   0 0 0
  10  24   0.496075050181736   0 0 0
  10  48   0.111153188128822   0 0 0
  11   0                   0 120 1 1
  11 0.5    1.23784733056813   0 0 0
  11   1     1.4920471847889   0 0 0
  11   2     1.3877205016229   0 0 0
  11   4    1.25344465882536   0 0 0
  11   6    1.06130815546294   0 0 0
  11   8   0.998333876497268   0 0 0
  11  12   0.722316379307874   0 0 0
  11  24   0.235095201040765   0 0 0
  11  48  0.0542255954531048   0 0 0
  12   0                   0 120 1 1
  12 0.5   0.624143700438873   0 0 0
  12   1   0.798778222150722   0 0 0
  12   2   0.923764519868487   0 0 0
  12   4   0.861223105494018   0 0 0
  12   6   0.782854480344089   0 0 0
  12   8   0.715112864466548   0 0 0
  12  12   0.466854650554373   0 0 0
  12  24   0.303489794826556   0 0 0
  12  48  0.0517135280763758   0 0 0
  13   0                   0 120 1 1
  13 0.5   0.478762619706022   0 0 0
  13   1   0.685235436181135   0 0 0
  13   2   0.894943301423622   0 0 0
  13   4    1.16473201239064   0 0 0
  13   6    1.10724416659332   0 0 0
  13   8   0.996577408343169   0 0 0
  13  12   0.989310160504811   0 0 0
  13  24    0.63976983703842   0 0 0
  13  48   0.246199126342303   0 0 0
  14   0                   0 120 1 1
  14 0.5   0.836049367959101   0 0 0
  14   1   0.894061255938552   0 0 0
  14   2    1.18830490757521   0 0 0
  14   4    1.30667863647811   0 0 0
  14   6    1.08487380804848   0 0 0
  14   8   0.984083113293992   0 0 0
  14  12   0.904601197262471   0 0 0
  14  24   0.408848292505503   0 0 0
  14  48   0.128005578572348   0 0 0
  15   0                   0 120 1 1
  15 0.5     0.6217340955276   0 0 0
  15   1   0.843666767737704   0 0 0
  15   2    1.08396455740087   0 0 0
  15   4    1.08224350716351   0 0 0
  15   6   0.915024416577642   0 0 0
  15   8   0.701898951497307   0 0 0
  15  12   0.612086576779722   0 0 0
  15  24     0.2290179518567   0 0 0
  15  48  0.0102675332454912   0 0 0
  16   0                   0 120 1 1
  16 0.5    0.81322674717436   0 0 0
  16   1    1.06526822457569   0 0 0
  16   2    1.34113194753145   0 0 0
  16   4    1.28973268299218   0 0 0
  16   6   0.984809198978783   0 0 0
  16   8   0.821704403769951   0 0 0
  16  12   0.616782269213266   0 0 0
  16  24   0.274681848410386   0 0 0
  16  48  0.0239728779147012   0 0 0
  17   0                   0 120 1 1
  17 0.5    1.11284945588473   0 0 0
  17   1    1.27260674093348   0 0 0
  17   2    1.32283925474374   0 0 0
  17   4    1.14198376148561   0 0 0
  17   6    1.09146684643048   0 0 0
  17   8    1.03234212863065   0 0 0
  17  12   0.850674702072373   0 0 0
  17  24   0.531985745826798   0 0 0
  17  48   0.180081808271607   0 0 0
  18   0                   0 120 1 1
  18 0.5   0.401698711400417   0 0 0
  18   1   0.773908343730427   0 0 0
  18   2   0.931081284788796   0 0 0
  18   4   0.765076388223445   0 0 0
  18   6   0.873670460025157   0 0 0
  18   8   0.662694038278586   0 0 0
  18  12   0.635825513310531   0 0 0
  18  24   0.458295970233147   0 0 0
  18  48   0.268165899086632   0 0 0
  19   0                   0 120 1 1
  19 0.5   0.367993893574017   0 0 0
  19   1   0.587964460467715   0 0 0
  19   2   0.889291156636159   0 0 0
  19   4    1.02056674465266   0 0 0
  19   6    1.01866350925184   0 0 0
  19   8   0.968093574839898   0 0 0
  19  12   0.832437470281522   0 0 0
  19  24   0.489096365172755   0 0 0
  19  48   0.380770559250306   0 0 0
  20   0                   0 120 1 1
  20 0.5   0.493091159500077   0 0 0
  20   1   0.674641666007106   0 0 0
  20   2   0.922377078273353   0 0 0
  20   4    1.07326475568567   0 0 0
  20   6   0.871630962142618   0 0 0
  20   8   0.704205511700524   0 0 0
  20  12   0.522821131395554   0 0 0
  20  24   0.118747351267747   0 0 0
  20  48   0.109188555837586   0 0 0
  21   0                   0 120 1 1
  21 0.5   0.557553995861862   0 0 0
  21   1    0.76830473381824   0 0 0
  21   2   0.876563878412496   0 0 0
  21   4   0.827028883092085   0 0 0
  21   6   0.820263376047495   0 0 0
  21   8   0.681855825643763   0 0 0
  21  12   0.634324674157697   0 0 0
  21  24   0.307791008910909   0 0 0
  21  48  0.0545770648736485   0 0 0
  22   0                   0 120 1 1
  22 0.5    0.88421576533628   0 0 0
  22   1    1.05974815688661   0 0 0
  22   2   0.948083702750435   0 0 0
  22   4   0.965620615027012   0 0 0
  22   6   0.686990090235667   0 0 0
  22   8   0.584281011628992   0 0 0
  22  12   0.380514519335798   0 0 0
  22  24   0.146828150506099   0 0 0
  22  48  0.0420327413345763   0 0 0
  23   0                   0 120 1 1
  23 0.5   0.509430297783452   0 0 0
  23   1   0.850637982781948   0 0 0
  23   2    1.07955210271114   0 0 0
  23   4    1.14965496540548   0 0 0
  23   6    1.10459212154927   0 0 0
  23   8   0.945705909284058   0 0 0
  23  12   0.841537831675474   0 0 0
  23  24   0.343558427990661   0 0 0
  23  48   0.151437189937499   0 0 0
  24   0                   0 120 1 1
  24 0.5   0.824804606086155   0 0 0
  24   1    1.23868912371703   0 0 0
  24   2    1.49980188183167   0 0 0
  24   4     1.1768490585588   0 0 0
  24   6    1.10034499484933   0 0 0
  24   8   0.770681596444132   0 0 0
  24  12   0.448265091988774   0 0 0
  24  24   0.118471109784276   0 0 0
  24  48  0.0469706402851034   0 0 0
  25   0                   0 120 1 1
  25 0.5   0.551413521322961   0 0 0
  25   1   0.766951184392936   0 0 0
  25   2    1.02470075411384   0 0 0
  25   4    1.22408341939648   0 0 0
  25   6      1.121039359609   0 0 0
  25   8    1.12063133224905   0 0 0
  25  12   0.879056134655566   0 0 0
  25  24    0.36951409240812   0 0 0
  25  48  0.0863385169025203   0 0 0
  26   0                   0 120 1 1
  26 0.5   0.364315255804881   0 0 0
  26   1   0.449837494572446   0 0 0
  26   2   0.809221602157131   0 0 0
  26   4    0.89823332257303   0 0 0
  26   6   0.938860310834369   0 0 0
  26   8   0.953410681488933   0 0 0
  26  12   0.826998962838564   0 0 0
  26  24    0.55411711489549   0 0 0
  26  48    0.22165703454064   0 0 0
  27   0                   0 120 1 1
  27 0.5    0.42628018184174   0 0 0
  27   1   0.647705003084434   0 0 0
  27   2   0.892941497162889   0 0 0
  27   4    1.04280137584256   0 0 0
  27   6    1.10188256338654   0 0 0
  27   8   0.952741052761544   0 0 0
  27  12   0.803610274279121   0 0 0
  27  24   0.325721758746267   0 0 0
  27  48  0.0411468865061772   0 0 0
  28   0                   0 120 1 1
  28 0.5   0.514573849469012   0 0 0
  28   1   0.856042329767701   0 0 0
  28   2    1.06832831171102   0 0 0
  28   4    1.19114439258995   0 0 0
  28   6    1.13512187475442   0 0 0
  28   8   0.824235989266276   0 0 0
  28  12   0.674240191229079   0 0 0
  28  24   0.275149272056446   0 0 0
  28  48  0.0626383099007214   0 0 0
  29   0                   0 120 1 1
  29 0.5   0.958125200070827   0 0 0
  29   1    1.21460578167183   0 0 0
  29   2    1.54648606266578   0 0 0
  29   4    1.25586400336895   0 0 0
  29   6    1.34852056943322   0 0 0
  29   8   0.991775393629482   0 0 0
  29  12     0.6552558258281   0 0 0
  29  24   0.294250936195593   0 0 0
  29  48  0.0364141066855388   0 0 0
  30   0                   0 120 1 1
  30 0.5   0.582891137427746   0 0 0
  30   1   0.766504985426463   0 0 0
  30   2   0.928071361049386   0 0 0
  30   4   0.838756671285214   0 0 0
  30   6   0.996693105695409   0 0 0
  30   8   0.938916210929874   0 0 0
  30  12   0.798956999470087   0 0 0
  30  24   0.675280456241692   0 0 0
  30  48   0.229275411730023   0 0 0
  31   0                   0 120 1 1
  31 0.5    1.07345746116206   0 0 0
  31   1    1.36157143349453   0 0 0
  31   2    1.38989033042514   0 0 0
  31   4    1.21401342863347   0 0 0
  31   6    1.01810970839301   0 0 0
  31   8   0.842659833426243   0 0 0
  31  12   0.730905092601509   0 0 0
  31  24   0.368920357162741   0 0 0
  31  48   0.148645648141438   0 0 0
  32   0                   0 120 1 1
  32 0.5   0.816084061016515   0 0 0
  32   1    1.03489984661509   0 0 0
  32   2    1.29794049980497   0 0 0
  32   4    1.16515451864247   0 0 0
  32   6   0.966787292568776   0 0 0
  32   8   0.846155593790136   0 0 0
  32  12   0.652232898412627   0 0 0
  32  24   0.204298869860322   0 0 0
  32  48  0.0323086588430521   0 0 0
  33   0                   0 120 1 1
  33 0.5   0.564331312849201   0 0 0
  33   1   0.741268583054303   0 0 0
  33   2    1.01027825223471   0 0 0
  33   4    1.01965814943899   0 0 0
  33   6    1.17790400739985   0 0 0
  33   8    1.04824119558351   0 0 0
  33  12   0.916563205352246   0 0 0
  33  24   0.370477966702376   0 0 0
  33  48  0.0878889764309777   0 0 0
  34   0                   0 120 1 1
  34 0.5   0.615619350653978   0 0 0
  34   1   0.779234720820461   0 0 0
  34   2    1.14361664103298   0 0 0
  34   4    1.25865283591323   0 0 0
  34   6    1.15198583278745   0 0 0
  34   8    1.04177406265223   0 0 0
  34  12   0.755016484876197   0 0 0
  34  24   0.365639108032346   0 0 0
  34  48  0.0274105979333078   0 0 0
  35   0                   0 120 1 1
  35 0.5   0.555010621034443   0 0 0
  35   1   0.849286962940945   0 0 0
  35   2   0.948226518961712   0 0 0
  35   4   0.848557010457247   0 0 0
  35   6   0.820726470089471   0 0 0
  35   8   0.762485407559076   0 0 0
  35  12   0.600982454062256   0 0 0
  35  24   0.335211548506952   0 0 0
  35  48   0.216350674864212   0 0 0
  36   0                   0 120 1 1
  36 0.5   0.675295126021617   0 0 0
  36   1   0.859511254244781   0 0 0
  36   2    1.02393983399098   0 0 0
  36   4   0.922694250803872   0 0 0
  36   6   0.768249800514186   0 0 0
  36   8   0.731979298290757   0 0 0
  36  12   0.689567180398688   0 0 0
  36  24   0.302029746846734   0 0 0
  36  48  0.0266851106560975   0 0 0
  37   0                   0 120 1 1
  37 0.5    0.49356209061857   0 0 0
  37   1   0.782444838820235   0 0 0
  37   2   0.930173288313562   0 0 0
  37   4     1.4417165201058   0 0 0
  37   6    1.34212698072345   0 0 0
  37   8    1.20685698922296   0 0 0
  37  12   0.962424911931405   0 0 0
  37  24   0.631236400737835   0 0 0
  37  48   0.117613598802244   0 0 0
  38   0                   0 120 1 1
  38 0.5   0.605381575759251   0 0 0
  38   1   0.772614947215946   0 0 0
  38   2   0.810057485211238   0 0 0
  38   4   0.833065851272862   0 0 0
  38   6   0.758288546270319   0 0 0
  38   8   0.875431901785562   0 0 0
  38  12   0.592006641610121   0 0 0
  38  24   0.352818834718395   0 0 0
  38  48   0.112554693996454   0 0 0
  39   0                   0 120 1 1
  39 0.5   0.652301237911713   0 0 0
  39   1   0.817485518489455   0 0 0
  39   2       1.02333463281   0 0 0
  39   4   0.819432265512987   0 0 0
  39   6   0.879656004337592   0 0 0
  39   8   0.760763588312789   0 0 0
  39  12   0.740248035083217   0 0 0
  39  24   0.432276030205934   0 0 0
  39  48    0.10440962158724   0 0 0
  40   0                   0 120 1 1
  40 0.5    1.05153273136436   0 0 0
  40   1    1.21354702675366   0 0 0
  40   2    1.22295033913351   0 0 0
  40   4   0.976451452435127   0 0 0
  40   6   0.807048665481236   0 0 0
  40   8   0.745406567478123   0 0 0
  40  12   0.518134503559654   0 0 0
  40  24   0.230757334912233   0 0 0
  40  48  0.0798152416912842   0 0 0
  41   0                   0 120 1 1
  41 0.5    0.92920570044913   0 0 0
  41   1    1.33096809541553   0 0 0
  41   2    1.41415269765599   0 0 0
  41   4    1.31751388494257   0 0 0
  41   6     1.1959994461542   0 0 0
  41   8   0.865778711808178   0 0 0
  41  12   0.673963298944731   0 0 0
  41  24    0.28038008629872   0 0 0
  41  48  0.0662001547539929   0 0 0
  42   0                   0 120 1 1
  42 0.5    1.51390845193901   0 0 0
  42   1    1.62062596312047   0 0 0
  42   2    1.65461428947492   0 0 0
  42   4    1.33915674242983   0 0 0
  42   6    1.11366896690253   0 0 0
  42   8    1.03158189155052   0 0 0
  42  12   0.639425381924755   0 0 0
  42  24    0.19972176123954   0 0 0
  42  48  0.0294191531057015   0 0 0
  43   0                   0 120 1 1
  43 0.5     0.6130113693802   0 0 0
  43   1   0.866823500122752   0 0 0
  43   2   0.938691539953511   0 0 0
  43   4   0.750945100889068   0 0 0
  43   6   0.645172952019802   0 0 0
  43   8   0.558044665993655   0 0 0
  43  12   0.416805786214551   0 0 0
  43  24   0.100067824833634   0 0 0
  43  48  0.0272312624672505   0 0 0
  44   0                   0 120 1 1
  44 0.5   0.694420874232961   0 0 0
  44   1   0.976957224614523   0 0 0
  44   2    1.03835211916058   0 0 0
  44   4    1.08346237174001   0 0 0
  44   6    1.05129436167803   0 0 0
  44   8   0.881646619777396   0 0 0
  44  12   0.782963105494065   0 0 0
  44  24   0.463058114072162   0 0 0
  44  48  0.0867295804385921   0 0 0
  45   0                   0 120 1 1
  45 0.5    1.02358674256916   0 0 0
  45   1   0.963453541848668   0 0 0
  45   2   0.921288857490877   0 0 0
  45   4   0.805095744238891   0 0 0
  45   6   0.623007172369007   0 0 0
  45   8   0.653299874502062   0 0 0
  45  12   0.437900107087875   0 0 0
  45  24   0.317811151125522   0 0 0
  45  48   0.197205396290106   0 0 0
  46   0                   0 120 1 1
  46 0.5    1.03296952745322   0 0 0
  46   1    1.38170768291312   0 0 0
  46   2    1.19138765517356   0 0 0
  46   4    1.16643028136151   0 0 0
  46   6    1.02684040755844   0 0 0
  46   8   0.897708030753631   0 0 0
  46  12   0.750474559110719   0 0 0
  46  24   0.343564931490049   0 0 0
  46  48   0.126260093799208   0 0 0
  47   0                   0 120 1 1
  47 0.5   0.754927727886608   0 0 0
  47   1    1.03368776472102   0 0 0
  47   2    1.10211626310317   0 0 0
  47   4     1.2248382132759   0 0 0
  47   6    1.11060817107765   0 0 0
  47   8   0.908244256744548   0 0 0
  47  12   0.960201797062525   0 0 0
  47  24   0.487381004847776   0 0 0
  47  48   0.153889470658383   0 0 0
  48   0                   0 120 1 1
  48 0.5   0.593216359537372   0 0 0
  48   1   0.840122424449608   0 0 0
  48   2    1.06553293837605   0 0 0
  48   4    1.11794404278143   0 0 0
  48   6     0.9378500068231   0 0 0
  48   8   0.968305031208493   0 0 0
  48  12   0.817894144867028   0 0 0
  48  24   0.521596434687006   0 0 0
  48  48   0.208299565512462   0 0 0
  49   0                   0 120 1 1
  49 0.5    0.68870471640816   0 0 0
  49   1   0.905248788932408   0 0 0
  49   2   0.868359842656421   0 0 0
  49   4   0.807027537957532   0 0 0
  49   6   0.835249324844754   0 0 0
  49   8    0.77428828078905   0 0 0
  49  12   0.637630058107845   0 0 0
  49  24   0.386500789163142   0 0 0
  49  48   0.213684595341984   0 0 0
  50   0                   0 120 1 1
  50 0.5   0.932209606927848   0 0 0
  50   1    1.36667265811987   0 0 0
  50   2    1.40269913747239   0 0 0
  50   4    1.38564456285849   0 0 0
  50   6    1.31643333705954   0 0 0
  50   8    1.10478533605437   0 0 0
  50  12   0.913770416775205   0 0 0
  50  24   0.498524722547183   0 0 0
  50  48   0.198860372033258   0 0 0
  51   0                   0 120 1 1
  51 0.5   0.571196822919634   0 0 0
  51   1     0.9203003146417   0 0 0
  51   2    1.01311775207918   0 0 0
  51   4    1.02167198212127   0 0 0
  51   6     1.0683157611714   0 0 0
  51   8   0.981665038902729   0 0 0
  51  12   0.716936255011019   0 0 0
  51  24     0.5344594920129   0 0 0
  51  48   0.184671778922901   0 0 0
  52   0                   0 120 1 1
  52 0.5    1.09197274317269   0 0 0
  52   1    1.52402879729591   0 0 0
  52   2    1.66604028763081   0 0 0
  52   4    1.46594508626087   0 0 0
  52   6    1.34922171282207   0 0 0
  52   8    1.13894358752079   0 0 0
  52  12   0.965315809647836   0 0 0
  52  24   0.450157875797678   0 0 0
  52  48   0.111267283085622   0 0 0
  53   0                   0 120 1 1
  53 0.5    1.33216143421695   0 0 0
  53   1    1.74261369187751   0 0 0
  53   2    1.72203529363515   0 0 0
  53   4    1.38944962738523   0 0 0
  53   6    1.18350129443894   0 0 0
  53   8   0.991028410499687   0 0 0
  53  12   0.547817382875589   0 0 0
  53  24   0.220979266395033   0 0 0
  53  48  0.0717475969554172   0 0 0
  54   0                   0 120 1 1
  54 0.5   0.589510042495831   0 0 0
  54   1   0.729719902538807   0 0 0
  54   2   0.896847116912886   0 0 0
  54   4    1.07786180144242   0 0 0
  54   6   0.912058660913832   0 0 0
  54   8   0.914887523111159   0 0 0
  54  12   0.809723761920176   0 0 0
  54  24   0.536797603590803   0 0 0
  54  48   0.254020535419242   0 0 0
  55   0                   0 120 1 1
  55 0.5     0.9560589350754   0 0 0
  55   1    1.14014176142159   0 0 0
  55   2    1.01563931665095   0 0 0
  55   4   0.934015853400776   0 0 0
  55   6   0.796585751058701   0 0 0
  55   8   0.872093694154518   0 0 0
  55  12   0.647175125137527   0 0 0
  55  24   0.441029815197273   0 0 0
  55  48   0.151253774157358   0 0 0
  56   0                   0 120 1 1
  56 0.5    0.71424144764282   0 0 0
  56   1   0.897663221588154   0 0 0
  56   2     1.1563498673401   0 0 0
  56   4    1.04947541184924   0 0 0
  56   6    1.09471664306028   0 0 0
  56   8   0.828210418208964   0 0 0
  56  12   0.559096946115047   0 0 0
  56  24   0.406843113604874   0 0 0
  56  48   0.171998925142739   0 0 0
  57   0                   0 120 1 1
  57 0.5    0.65233163031775   0 0 0
  57   1   0.882332516540985   0 0 0
  57   2   0.952508376950535   0 0 0
  57   4   0.999440809033304   0 0 0
  57   6   0.807943406255318   0 0 0
  57   8   0.863319224820403   0 0 0
  57  12   0.522971909801437   0 0 0
  57  24   0.289763299869274   0 0 0
  57  48  0.0824033412600675   0 0 0
  58   0                   0 120 1 1
  58 0.5    0.69591016285176   0 0 0
  58   1    0.81379715153483   0 0 0
  58   2   0.966593276443598   0 0 0
  58   4   0.996040818504401   0 0 0
  58   6   0.945738715667895   0 0 0
  58   8   0.898644434830292   0 0 0
  58  12    0.68167814006491   0 0 0
  58  24   0.542978717471391   0 0 0
  58  48    0.18245083220719   0 0 0
  59   0                   0 120 1 1
  59 0.5   0.359803133532584   0 0 0
  59   1   0.541094888540634   0 0 0
  59   2   0.764200447105011   0 0 0
  59   4    0.88555653020995   0 0 0
  59   6    1.04349390279004   0 0 0
  59   8   0.776752066176834   0 0 0
  59  12   0.758559898667984   0 0 0
  59  24   0.509225734101771   0 0 0
  59  48   0.140779873205029   0 0 0
  60   0                   0 120 1 1
  60 0.5   0.718123639824608   0 0 0
  60   1   0.935900880107331   0 0 0
  60   2    1.06588961658677   0 0 0
  60   4   0.970401548466713   0 0 0
  60   6   0.871113398404326   0 0 0
  60   8   0.668509072375764   0 0 0
  60  12   0.388754484742839   0 0 0
  60  24  0.0322889854582735   0 0 0
  60  48  0.0300373025211614   0 0 0
  61   0                   0 120 1 1
  61 0.5   0.864711015780846   0 0 0
  61   1    1.20144645189558   0 0 0
  61   2    1.39423319747818   0 0 0
  61   4    1.22838606716056   0 0 0
  61   6    1.24117391056711   0 0 0
  61   8     1.0068744958023   0 0 0
  61  12   0.702009637956426   0 0 0
  61  24   0.255493298545728   0 0 0
  61  48  0.0892341129626696   0 0 0
  62   0                   0 120 1 1
  62 0.5   0.660353091655953   0 0 0
  62   1    1.00562165740964   0 0 0
  62   2    1.11037594922291   0 0 0
  62   4   0.985200664206406   0 0 0
  62   6   0.898474921130374   0 0 0
  62   8   0.758541130408699   0 0 0
  62  12   0.671641933547859   0 0 0
  62  24   0.395503920645815   0 0 0
  62  48    0.10985823055348   0 0 0
  63   0                   0 120 1 1
  63 0.5   0.660977568290581   0 0 0
  63   1   0.776661242622966   0 0 0
  63   2    1.04015921806673   0 0 0
  63   4    1.22516022867197   0 0 0
  63   6    1.20988394921297   0 0 0
  63   8    1.12046641172048   0 0 0
  63  12   0.871059910623567   0 0 0
  63  24     0.4917820071491   0 0 0
  63  48   0.134796236634035   0 0 0
  64   0                   0 120 1 1
  64 0.5   0.814311847846507   0 0 0
  64   1     1.1630779909297   0 0 0
  64   2    1.20755601515094   0 0 0
  64   4    1.20291793192784   0 0 0
  64   6   0.941498751750853   0 0 0
  64   8     1.0540208147272   0 0 0
  64  12     0.8151232612503   0 0 0
  64  24   0.682684503050221   0 0 0
  64  48   0.322204984939778   0 0 0
  65   0                   0 120 1 1
  65 0.5   0.560810281851325   0 0 0
  65   1    0.83900524081637   0 0 0
  65   2    1.19334691057583   0 0 0
  65   4    1.09566717829913   0 0 0
  65   6   0.923376054989717   0 0 0
  65   8   0.828781876465421   0 0 0
  65  12   0.766950302039835   0 0 0
  65  24   0.637888045600585   0 0 0
  65  48   0.342134834911693   0 0 0
  66   0                   0 120 1 1
  66 0.5   0.900086712369259   0 0 0
  66   1    1.09920617304718   0 0 0
  66   2    1.06135885164641   0 0 0
  66   4    1.10421404084829   0 0 0
  66   6   0.991185951058759   0 0 0
  66   8   0.914748936678531   0 0 0
  66  12   0.935870468094578   0 0 0
  66  24   0.698143845256759   0 0 0
  66  48   0.269518327506226   0 0 0
  67   0                   0 120 1 1
  67 0.5    0.84475058077227   0 0 0
  67   1    1.06533064038249   0 0 0
  67   2    1.21516054157491   0 0 0
  67   4    1.11132479124477   0 0 0
  67   6   0.921708637061059   0 0 0
  67   8   0.920741663389312   0 0 0
  67  12   0.761209958072499   0 0 0
  67  24   0.443578340026309   0 0 0
  67  48   0.241541457812637   0 0 0
  68   0                   0 120 1 1
  68 0.5   0.674291201070645   0 0 0
  68   1   0.915717572691647   0 0 0
  68   2    1.01363306122582   0 0 0
  68   4    0.91241531445052   0 0 0
  68   6   0.822743579043542   0 0 0
  68   8   0.899922521899227   0 0 0
  68  12   0.628099126868424   0 0 0
  68  24   0.297871066994063   0 0 0
  68  48   0.032736962277271   0 0 0
  69   0                   0 120 1 1
  69 0.5   0.990855583303431   0 0 0
  69   1    1.11497224603976   0 0 0
  69   2    1.23065105259131   0 0 0
  69   4    1.11541033084887   0 0 0
  69   6    1.19927309676186   0 0 0
  69   8    1.02963302549505   0 0 0
  69  12   0.891238073915013   0 0 0
  69  24   0.565839459424619   0 0 0
  69  48   0.135565605434134   0 0 0
  70   0                   0 120 1 1
  70 0.5   0.469752007301717   0 0 0
  70   1   0.731055712317706   0 0 0
  70   2   0.983715549736937   0 0 0
  70   4    1.03305157963719   0 0 0
  70   6    1.15088130219444   0 0 0
  70   8    1.13781100238123   0 0 0
  70  12   0.982095491562186   0 0 0
  70  24   0.636289077652007   0 0 0
  70  48   0.270139235079934   0 0 0
  71   0                   0 120 1 1
  71 0.5   0.782054148222599   0 0 0
  71   1    1.05735686773382   0 0 0
  71   2    1.34183140550018   0 0 0
  71   4    1.29155049874448   0 0 0
  71   6    1.14419079225977   0 0 0
  71   8   0.935206888718006   0 0 0
  71  12    0.82559303935676   0 0 0
  71  24   0.274289304674277   0 0 0
  71  48  0.0981894703357059   0 0 0
  72   0                   0 120 1 1
  72 0.5   0.638223179934543   0 0 0
  72   1   0.791724228078476   0 0 0
  72   2   0.985618175747217   0 0 0
  72   4    1.06324427285585   0 0 0
  72   6   0.884016352698877   0 0 0
  72   8   0.780630395253655   0 0 0
  72  12   0.767267575512558   0 0 0
  72  24   0.329878295414688   0 0 0
  72  48  0.0239536088298534   0 0 0
  73   0                   0 120 1 1
  73 0.5   0.960723363779131   0 0 0
  73   1    1.37455068636607   0 0 0
  73   2    1.31256700549259   0 0 0
  73   4    1.07757665207732   0 0 0
  73   6   0.754496640011642   0 0 0
  73   8   0.670181946048893   0 0 0
  73  12   0.463767424325618   0 0 0
  73  24   0.193959990822585   0 0 0
  73  48  0.0750344383845282   0 0 0
  74   0                   0 120 1 1
  74 0.5    0.57471460330193   0 0 0
  74   1   0.851489654937018   0 0 0
  74   2    1.05553406025856   0 0 0
  74   4    0.96655740581503   0 0 0
  74   6    1.03697443379859   0 0 0
  74   8   0.829139756394563   0 0 0
  74  12   0.572327043972966   0 0 0
  74  24   0.287747647223391   0 0 0
  74  48  0.0385888895442821   0 0 0
  75   0                   0 120 1 1
  75 0.5   0.553023450028103   0 0 0
  75   1   0.921836977716394   0 0 0
  75   2   0.935784425023944   0 0 0
  75   4   0.921702948692459   0 0 0
  75   6   0.890031462787624   0 0 0
  75   8   0.812349267418421   0 0 0
  75  12   0.682844820839668   0 0 0
  75  24   0.326475951204751   0 0 0
  75  48    0.13878899698075   0 0 0
  76   0                   0 120 1 1
  76 0.5   0.739329689282629   0 0 0
  76   1   0.890091483603363   0 0 0
  76   2   0.945075260725191   0 0 0
  76   4   0.883835145048195   0 0 0
  76   6   0.868832313511611   0 0 0
  76   8   0.815524214978736   0 0 0
  76  12   0.612711592601716   0 0 0
  76  24   0.333980474410333   0 0 0
  76  48  0.0718520906062433   0 0 0
  77   0                   0 120 1 1
  77 0.5   0.931518265645844   0 0 0
  77   1    1.31427284644777   0 0 0
  77   2    1.37276194777053   0 0 0
  77   4    1.34742205681489   0 0 0
  77   6    1.20774167678867   0 0 0
  77   8    1.18820852236178   0 0 0
  77  12   0.787147752435933   0 0 0
  77  24   0.489300957867928   0 0 0
  77  48   0.149273094878312   0 0 0
  78   0                   0 120 1 1
  78 0.5   0.565643873925938   0 0 0
  78   1   0.866731359541203   0 0 0
  78   2   0.964921907007135   0 0 0
  78   4   0.879853900926089   0 0 0
  78   6   0.754350282871657   0 0 0
  78   8   0.718202637190745   0 0 0
  78  12   0.401464772573738   0 0 0
  78  24   0.181581793129674   0 0 0
  78  48 0.00727918160965829   0 0 0
  79   0                   0 120 1 1
  79 0.5    1.11331740493687   0 0 0
  79   1    1.38699813464952   0 0 0
  79   2    1.37014889287282   0 0 0
  79   4    1.36615628752752   0 0 0
  79   6    1.09709978313185   0 0 0
  79   8   0.988983098247492   0 0 0
  79  12    0.80849474672184   0 0 0
  79  24    0.40112386012545   0 0 0
  79  48    0.13897692296614   0 0 0
  80   0                   0 120 1 1
  80 0.5     0.5524831874418   0 0 0
  80   1   0.691466589378279   0 0 0
  80   2   0.663843578887613   0 0 0
  80   4   0.769965861702713   0 0 0
  80   6   0.608200861858587   0 0 0
  80   8   0.620375682530338   0 0 0
  80  12   0.558922632109541   0 0 0
  80  24   0.382214669790844   0 0 0
  80  48   0.119955435533707   0 0 0
  81   0                   0 120 1 1
  81 0.5    1.27795603310415   0 0 0
  81   1    1.80432775348773   0 0 0
  81   2     1.5486859054497   0 0 0
  81   4    0.98484584349643   0 0 0
  81   6   0.876231483132437   0 0 0
  81   8   0.778606156777099   0 0 0
  81  12   0.580689969733964   0 0 0
  81  24   0.236845500488942   0 0 0
  81  48 4.1597375901245e-05   0 0 0
  82   0                   0 120 1 1
  82 0.5   0.456823193419928   0 0 0
  82   1   0.731993402189939   0 0 0
  82   2   0.691655980871509   0 0 0
  82   4   0.926266945175052   0 0 0
  82   6   0.863753308523288   0 0 0
  82   8   0.848329306795495   0 0 0
  82  12   0.627720131629702   0 0 0
  82  24   0.508081135956236   0 0 0
  82  48   0.262255251305914   0 0 0
  83   0                   0 120 1 1
  83 0.5    1.36445941225033   0 0 0
  83   1     1.4567736567076   0 0 0
  83   2    1.20496840154918   0 0 0
  83   4     1.0439095382455   0 0 0
  83   6    1.06292672248158   0 0 0
  83   8     1.0003193827742   0 0 0
  83  12   0.739175772578986   0 0 0
  83  24   0.501750839856734   0 0 0
  83  48   0.154688495649664   0 0 0
  84   0                   0 120 1 1
  84 0.5   0.504654008926065   0 0 0
  84   1   0.772377856100429   0 0 0
  84   2     1.0019555694099   0 0 0
  84   4    1.17913436168595   0 0 0
  84   6    0.89973870185531   0 0 0
  84   8   0.853041190757483   0 0 0
  84  12   0.471476225318513   0 0 0
  84  24   0.299840253894148   0 0 0
  84  48  0.0555565022951238   0 0 0
  85   0                   0 120 1 1
  85 0.5   0.283817492853686   0 0 0
  85   1   0.464261087790575   0 0 0
  85   2   0.593669077767893   0 0 0
  85   4   0.783141428146105   0 0 0
  85   6   0.943032339736617   0 0 0
  85   8   0.842308191423348   0 0 0
  85  12   0.668297331249959   0 0 0
  85  24    0.39471364851527   0 0 0
  85  48   0.118533074385767   0 0 0
  86   0                   0 120 1 1
  86 0.5   0.414215302607939   0 0 0
  86   1   0.571378298774559   0 0 0
  86   2   0.913366696920112   0 0 0
  86   4    1.15059272767255   0 0 0
  86   6    1.08702308376355   0 0 0
  86   8   0.985411501938084   0 0 0
  86  12   0.836440418036726   0 0 0
  86  24   0.348267333435678   0 0 0
  86  48   0.132859775436291   0 0 0
  87   0                   0 120 1 1
  87 0.5   0.733545564448483   0 0 0
  87   1    1.17770365741302   0 0 0
  87   2    1.43457448780348   0 0 0
  87   4     1.5181654396709   0 0 0
  87   6    1.62503306326727   0 0 0
  87   8    1.39122003656803   0 0 0
  87  12    1.16887321837975   0 0 0
  87  24   0.715013766487996   0 0 0
  87  48   0.297909224652351   0 0 0
  88   0                   0 120 1 1
  88 0.5   0.653264844607978   0 0 0
  88   1   0.810399211849403   0 0 0
  88   2    1.10457663038112   0 0 0
  88   4    1.29884397385881   0 0 0
  88   6    1.09552811074362   0 0 0
  88   8    1.06909586868278   0 0 0
  88  12   0.876142667574612   0 0 0
  88  24   0.542667062025646   0 0 0
  88  48   0.161151673927635   0 0 0
  89   0                   0 120 1 1
  89 0.5   0.679764411499448   0 0 0
  89   1    1.04157578323342   0 0 0
  89   2   0.900784290441989   0 0 0
  89   4    0.83442231590767   0 0 0
  89   6   0.735521774341531   0 0 0
  89   8   0.633483748043293   0 0 0
  89  12    0.46790028216537   0 0 0
  89  24   0.223887818295318   0 0 0
  89  48   0.135749786776775   0 0 0
  90   0                   0 120 1 1
  90 0.5   0.921859820068085   0 0 0
  90   1   0.975057302121476   0 0 0
  90   2    1.15292685154783   0 0 0
  90   4    1.12682270370143   0 0 0
  90   6    1.00379061452249   0 0 0
  90   8   0.966065044417869   0 0 0
  90  12   0.636660239481648   0 0 0
  90  24    0.43742164457485   0 0 0
  90  48   0.109022019150676   0 0 0
  91   0                   0 120 1 1
  91 0.5    1.16289981870387   0 0 0
  91   1    1.52768145347776   0 0 0
  91   2    1.33576240303209   0 0 0
  91   4     1.1306956724201   0 0 0
  91   6    1.04876766067453   0 0 0
  91   8    1.01148619814271   0 0 0
  91  12    0.69876686477884   0 0 0
  91  24    0.34440354021531   0 0 0
  91  48  0.0123500754099664   0 0 0
  92   0                   0 120 1 1
  92 0.5   0.662440752430309   0 0 0
  92   1   0.904165317876685   0 0 0
  92   2    1.11709097537058   0 0 0
  92   4    1.00333792204837   0 0 0
  92   6    1.07972686108993   0 0 0
  92   8    0.94556112420484   0 0 0
  92  12   0.715052936660874   0 0 0
  92  24   0.581548165587507   0 0 0
  92  48   0.192293163213755   0 0 0
  93   0                   0 120 1 1
  93 0.5   0.655009385058029   0 0 0
  93   1   0.988247553954189   0 0 0
  93   2    1.32013577629723   0 0 0
  93   4    1.21671846308099   0 0 0
  93   6    1.19384532800396   0 0 0
  93   8   0.998352885147012   0 0 0
  93  12   0.899076645115362   0 0 0
  93  24   0.622477383732386   0 0 0
  93  48   0.308245556219438   0 0 0
  94   0                   0 120 1 1
  94 0.5   0.797191520054487   0 0 0
  94   1     1.0558776863924   0 0 0
  94   2    1.10863830785949   0 0 0
  94   4    1.07934327988731   0 0 0
  94   6    1.09759009148831   0 0 0
  94   8   0.881954455753498   0 0 0
  94  12   0.758889095700044   0 0 0
  94  24    0.44326798280525   0 0 0
  94  48   0.259935933496146   0 0 0
  95   0                   0 120 1 1
  95 0.5   0.760013719139765   0 0 0
  95   1    1.20113042272108   0 0 0
  95   2    1.39738879952419   0 0 0
  95   4     1.4341632092989   0 0 0
  95   6    1.27287787673244   0 0 0
  95   8    1.31933373287469   0 0 0
  95  12    0.84295967783802   0 0 0
  95  24    0.40582969617689   0 0 0
  95  48  0.0682067293613005   0 0 0
  96   0                   0 120 1 1
  96 0.5    1.28134328358272   0 0 0
  96   1    1.76898999409809   0 0 0
  96   2    1.52760042803056   0 0 0
  96   4    1.42079553353534   0 0 0
  96   6    1.14128995489111   0 0 0
  96   8    1.10615997634019   0 0 0
  96  12   0.729776004261076   0 0 0
  96  24   0.274568509023017   0 0 0
  96  48  0.0571728522646721   0 0 0
  97   0                   0 120 1 1
  97 0.5   0.642832944332134   0 0 0
  97   1   0.805729348202087   0 0 0
  97   2   0.938296314242797   0 0 0
  97   4   0.873576094796504   0 0 0
  97   6   0.800509682137943   0 0 0
  97   8   0.748492732972416   0 0 0
  97  12    0.65756292455215   0 0 0
  97  24   0.281648242936191   0 0 0
  97  48   0.106090593416001   0 0 0
  98   0                   0 120 1 1
  98 0.5    1.13779972894379   0 0 0
  98   1    1.09204832022461   0 0 0
  98   2    1.21081707476786   0 0 0
  98   4   0.966917125977343   0 0 0
  98   6   0.813592549646277   0 0 0
  98   8   0.650661053329142   0 0 0
  98  12   0.475229004216952   0 0 0
  98  24  0.0909694417721987   0 0 0
  98  48  0.0198156023255344   0 0 0
  99   0                   0 120 1 1
  99 0.5   0.445539231254009   0 0 0
  99   1   0.735093938742081   0 0 0
  99   2   0.782831385553914   0 0 0
  99   4   0.947539845646216   0 0 0
  99   6   0.955201421137398   0 0 0
  99   8   0.882467818291808   0 0 0
  99  12   0.724710365437566   0 0 0
  99  24    0.45124216066814   0 0 0
  99  48    0.22797736401629   0 0 0
 100   0                   0 120 1 1
 100 0.5   0.465593027949409   0 0 0
 100   1   0.809277366028644   0 0 0
 100   2   0.882571949795305   0 0 0
 100   4   0.961333263693487   0 0 0
 100   6   0.956387283020119   0 0 0
 100   8   0.767481284034853   0 0 0
 100  12   0.723327976097057   0 0 0
 100  24   0.424885068195159   0 0 0
 100  48    0.16098485973221   0 0 0
