   1   0                   0 120 1 1
   1 0.5   0.642481999903945   0 0 0
   1   1   0.920015136009409   0 0 0
   1   2    1.08162352473937   0 0 0
   1   4    1.01266581573651   0 0 0
   1   6    0.91384152416784   0 0 0
   1   8    0.86081509662015   0 0 0
   1  12   0.767422837333089   0 0 0
   1  24   0.496226032990112   0 0 0
   1  48   0.203322993066172   0 0 0
   2   0                   0 120 1 1
   2 0.5     0.9503325509597   0 0 0
   2   1    1.42704447246295   0 0 0
   2   2    1.56545733922823   0 0 0
   2   4    1.22116034775784   0 0 0
   2   6    1.25597723125725   0 0 0
   2   8    1.16155349717444   0 0 0
   2  12   0.901411769198817   0 0 0
   2  24   0.554675914187606   0 0 0
   2  48   0.155215447365706   0 0 0
   3   0                   0 120 1 1
   3 0.5   0.627510898933024   0 0 0
   3   1   0.849758360372125   0 0 0
   3   2    1.08420551544359   0 0 0
   3   4    1.11835405549573   0 0 0
   3   6   0.981270232651449   0 0 0
   3   8   0.886050369972989   0 0 0
   3  12   0.787720896699242   0 0 0
   3  24   0.346381682481511   0 0 0
   3  48  0.0848791689385848   0 0 0
   4   0                   0 120 1 1
   4 0.5    0.52382627586864   0 0 0
   4   1   0.835896148342383   0 0 0
   4   2    1.12859301791063   0 0 0
   4   4    1.17038645411598   0 0 0
   4   6    1.30641576036033   0 0 0
   4   8    1.06254588434954   0 0 0
   4  12   0.976789942914038   0 0 0
   4  24   0.439495068291985   0 0 0
   4  48   0.114259342112397   0 0 0
   5   0                   0 120 1 1
   5 0.5   0.457517242443617   0 0 0
   5   1   0.728835157377728   0 0 0
   5   2    1.09061298155399   0 0 0
   5   4    1.07734578041386   0 0 0
   5   6    1.11796405991099   0 0 0
   5   8    1.06645051551536   0 0 0
   5  12   0.972051787533042   0 0 0
   5  24    0.82071432420312   0 0 0
   5  48   0.468576301709285   0 0 0
   6   0                   0 120 1 1
   6 0.5   0.577409950929391   0 0 0
   6   1   0.775490599001458   0 0 0
   6   2    0.93165461213823   0 0 0
   6   4    1.07627574225659   0 0 0
   6   6    1.01609149336522   0 0 0
   6   8    1.04179817820945   0 0 0
   6  12   0.846567641644431   0 0 0
   6  24   0.551616575922573   0 0 0
   6  48   0.260897075033123   0 0 0
   7   0                   0 120 1 1
   7 0.5   0.510758736181503   0 0 0
   7   1    0.78929981322799   0 0 0
   7   2   0.961960904988142   0 0 0
   7   4    1.15550501352477   0 0 0
   7   6   0.897977081454605   0 0 0
   7   8   0.740432735487405   0 0 0
   7  12   0.608640295845847   0 0 0
   7  24   0.228713436055509   0 0 0
   7  48   0.026488896453005   0 0 0
   8   0                   0 120 1 1
   8 0.5   0.448014391707974   0 0 0
   8   1    0.58817385370054   0 0 0
   8   2   0.698697045654316   0 0 0
   8   4   0.836511608243334   0 0 0
   8   6   0.804001267430454   0 0 0
   8   8   0.761940907395342   0 0 0
   8  12   0.658006652883817   0 0 0
   8  24   0.428134926204744   0 0 0
   8  48   0.189027211686422   0 0 0
   9   0                   0 120 1 1
   9 0.5    1.55749631376479   0 0 0
   9   1    1.56278399585491   0 0 0
   9   2     1.3338025654202   0 0 0
   9   4    1.14108719015913   0 0 0
   9   6   0.980275710786133   0 0 0
   9   8   0.891777282648183   0 0 0
   9  12    0.64844231863286   0 0 0
   9  24   0.293988057710971   0 0 0
   9  48  0.0650711382982449   0 0 0
  10   0                   0 120 1 1
  10 0.5     1.1909004272184   0 0 0
  10   1    1.39847006713136   0 0 0
  10   2    1.78723245672952   0 0 0
  10   4    1.53119219283267   0 0 0
  10   6    1.40201944719093   0 0 0
  10   8     1.2802966974509   0 0 0
  10  12    1.07317657592103   0 0 0
  10  24   0.544152388677975   0 0 0
  10  48   0.133423011681993   0 0 0
  11   0                   0 120 1 1
  11 0.5    1.22598355017381   0 0 0
  11   1    1.47970663188286   0 0 0
  11   2    1.41799200832612   0 0 0
  11   4    1.23598717746273   0 0 0
  11   6    1.12514859099517   0 0 0
  11   8    1.00460845364975   0 0 0
  11  12   0.741936156439587   0 0 0
  11  24   0.258971472690989   0 0 0
  11  48   0.044717146010685   0 0 0
  12   0                   0 120 1 1
  12 0.5   0.581645423520325   0 0 0
  12   1   0.803524399750826   0 0 0
  12   2   0.941884556312701   0 0 0
  12   4   0.851201510356008   0 0 0
  12   6   0.774539526554842   0 0 0
  12   8   0.647579860239223   0 0 0
  12  12    0.52155367235018   0 0 0
  12  24    0.28262509548836   0 0 0
  12  48  0.0717044219558511   0 0 0
  13   0                   0 120 1 1
  13 0.5   0.518340601224282   0 0 0
  13   1   0.748617928557407   0 0 0
  13   2    0.90870310085523   0 0 0
  13   4    1.16313618607381   0 0 0
  13   6    1.03212979580614   0 0 0
  13   8   0.951197383366731   0 0 0
  13  12   0.896307405842824   0 0 0
  13  24   0.644554136956305   0 0 0
  13  48   0.266112369856372   0 0 0
  14   0                   0 120 1 1
  14 0.5   0.732205998358105   0 0 0
  14   1   0.970413472453298   0 0 0
  14   2    1.21116712241302   0 0 0
  14   4    1.25789331467076   0 0 0
  14   6    1.08107467548836   0 0 0
  14   8   0.940946043373216   0 0 0
  14  12   0.868713911815856   0 0 0
  14  24   0.425143441505417   0 0 0
  14  48   0.152545458443586   0 0 0
  15   0                   0 120 1 1
  15 0.5   0.562777574674797   0 0 0
  15   1   0.843731755271784   0 0 0
  15   2    1.05519047036844   0 0 0
  15   4    1.09447916620242   0 0 0
  15   6   0.924862490518974   0 0 0
  15   8   0.713804278874019   0 0 0
  15  12   0.605842732559666   0 0 0
  15  24   0.226071036849178   0 0 0
  15  48  0.0282462822626263   0 0 0
  16   0                   0 120 1 1
  16 0.5   0.821702381628146   0 0 0
  16   1     1.0598672580026   0 0 0
  16   2    1.27029493652292   0 0 0
  16   4    1.24215585556166   0 0 0
  16   6   0.935966365675718   0 0 0
  16   8   0.828232368272529   0 0 0
  16  12   0.618371329968317   0 0 0
  16  24    0.21507636873149   0 0 0
  16  48  0.0311995174188911   0 0 0
  17   0                   0 120 1 1
  17 0.5    1.12080925603708   0 0 0
  17   1    1.34812738610882   0 0 0
  17   2    1.37442750719942   0 0 0
  17   4    1.10794209763509   0 0 0
  17   6    1.06060928392968   0 0 0
  17   8   0.987967847944037   0 0 0
  17  12   0.822133039752784   0 0 0
  17  24   0.552548944047023   0 0 0
  17  48   0.213753112668961   0 0 0
  18   0                   0 120 1 1
  18 0.5   0.493930787970089   0 0 0
  18   1   0.716692810676695   0 0 0
  18   2   0.933217486024438   0 0 0
  18   4   0.815034281910772   0 0 0
  18   6    0.85190147877079   0 0 0
  18   8   0.666109322723913   0 0 0
  18  12   0.636328654696721   0 0 0
  18  24   0.419897036602044   0 0 0
  18  48   0.206713601621669   0 0 0
  19   0                   0 120 1 1
  19 0.5   0.360756517675037   0 0 0
  19   1   0.587303516402902   0 0 0
  19   2   0.888900377643868   0 0 0
  19   4    1.01660272116829   0 0 0
  19   6    1.02926923422854   0 0 0
  19   8    1.05077496305663   0 0 0
  19  12   0.840712243834694   0 0 0
  19  24   0.489934538499549   0 0 0
  19  48   0.226476882684726   0 0 0
  20   0                   0 120 1 1
  20 0.5   0.469846926852523   0 0 0
  20   1   0.693578621330826   0 0 0
  20   2    0.94513468483908   0 0 0
  20   4    1.04442448219277   0 0 0
  20   6      0.872593857765   0 0 0
  20   8   0.759708661865911   0 0 0
  20  12   0.565439508154483   0 0 0
  20  24    0.17909076425963   0 0 0
  20  48  0.0164859515174113   0 0 0
  21   0                   0 120 1 1
  21 0.5   0.613508047048227   0 0 0
  21   1   0.797631501564939   0 0 0
  21   2   0.847207675393411   0 0 0
  21   4   0.875982118713038   0 0 0
  21   6   0.776355321026971   0 0 0
  21   8   0.640785626938746   0 0 0
  21  12   0.597691466754312   0 0 0
  21  24   0.339002931550418   0 0 0
  21  48   0.116750010504646   0 0 0
  22   0                   0 120 1 1
  22 0.5   0.810157193470428   0 0 0
  22   1    1.09124169539086   0 0 0
  22   2    1.05745958075057   0 0 0
  22   4   0.953767160717672   0 0 0
  22   6   0.730023987751777   0 0 0
  22   8   0.579017962866172   0 0 0
  22  12   0.433915396483614   0 0 0
  22  24   0.155893809113078   0 0 0
  22  48   0.020099561765407   0 0 0
  23   0                   0 120 1 1
  23 0.5   0.531213066021493   0 0 0
  23   1   0.824490998475155   0 0 0
  23   2    1.03485628359002   0 0 0
  23   4    1.13762142476949   0 0 0
  23   6    1.03503146587948   0 0 0
  23   8   0.948459186840151   0 0 0
  23  12   0.803508980930146   0 0 0
  23  24   0.314172080739106   0 0 0
  23  48  0.0641835374732471   0 0 0
  24   0                   0 120 1 1
  24 0.5   0.814304853894182   0 0 0
  24   1    1.25871675587157   0 0 0
  24   2    1.51624300629389   0 0 0
  24   4    1.23206434044607   0 0 0
  24   6    1.02747083954894   0 0 0
  24   8   0.789188734821123   0 0 0
  24  12   0.454190941387513   0 0 0
  24  24   0.078359864972867   0 0 0
  24  48  0.0024636445584635   0 0 0
  25   0                   0 120 1 1
  25 0.5   0.558961981219317   0 0 0
  25   1   0.763223650172729   0 0 0
  25   2    1.01901667708256   0 0 0
  25   4    1.21550069550154   0 0 0
  25   6    1.10241228510641   0 0 0
  25   8    1.05622760507595   0 0 0
  25  12   0.854476760577413   0 0 0
  25  24   0.394168536489713   0 0 0
  25  48  0.0996351194043845   0 0 0
  26   0                   0 120 1 1
  26 0.5   0.413768510071442   0 0 0
  26   1   0.528987194250203   0 0 0
  26   2   0.810692046928623   0 0 0
  26   4   0.958650024967917   0 0 0
  26   6   0.978183095950412   0 0 0
  26   8   0.905396290450006   0 0 0
  26  12   0.816600966580393   0 0 0
  26  24    0.52538326537035   0 0 0
  26  48   0.244262698191319   0 0 0
  27   0                   0 120 1 1
  27 0.5   0.396857340509185   0 0 0
  27   1   0.635754461419788   0 0 0
  27   2   0.853178084780033   0 0 0
  27   4    1.07515763589659   0 0 0
  27   6    1.09546510461235   0 0 0
  27   8   0.977826022566315   0 0 0
  27  12   0.813835219717542   0 0 0
  27  24   0.346652546014405   0 0 0
  27  48  0.0642934314542592   0 0 0
  28   0                   0 120 1 1
  28 0.5    0.47816973678183   0 0 0
  28   1   0.794218221324279   0 0 0
  28   2    1.01629409048503   0 0 0
  28   4    1.15591854973272   0 0 0
  28   6    1.12778817249492   0 0 0
  28   8   0.926172941499461   0 0 0
  28  12   0.702431926043591   0 0 0
  28  24   0.286059801820941   0 0 0
  28  48  0.0542003530204564   0 0 0
  29   0                   0 120 1 1
  29 0.5   0.919265775512462   0 0 0
  29   1    1.21638480582862   0 0 0
  29   2    1.49974441544211   0 0 0
  29   4    1.28210915471824   0 0 0
  29   6    1.28309600717646   0 0 0
  29   8    1.00840115805282   0 0 0
  29  12   0.700819364893771   0 0 0
  29  24   0.238380669083611   0 0 0
  29  48  0.0375588405883231   0 0 0
  30   0                   0 120 1 1
  30 0.5    0.54484444608007   0 0 0
  30   1   0.751524439436553   0 0 0
  30   2   0.924680300419756   0 0 0
  30   4   0.882683768957334   0 0 0
  30   6   0.989492934577101   0 0 0
  30   8   0.940569728622643   0 0 0
  30  12   0.790636685234021   0 0 0
  30  24   0.594000724524758   0 0 0
  30  48   0.305481090399272   0 0 0
  31   0                   0 120 1 1
  31 0.5    1.09028187566027   0 0 0
  31   1      1.369166198282   0 0 0
  31   2    1.26902974846054   0 0 0
  31   4    1.27125917376412   0 0 0
  31   6    1.02653079895077   0 0 0
  31   8   0.931042440000268   0 0 0
  31  12   0.770926770987409   0 0 0
  31  24   0.348254862820721   0 0 0
  31  48  0.0817871844947263   0 0 0
  32   0                   0 120 1 1
  32 0.5   0.723792180904899   0 0 0
  32   1   0.992366816768775   0 0 0
  32   2    1.24312798999658   0 0 0
  32   4    1.13200237376782   0 0 0
  32   6   0.981425925953834   0 0 0
  32   8   0.870835017327271   0 0 0
  32  12   0.662954109984781   0 0 0
  32  24   0.250931908278223   0 0 0
  32  48  0.0334383806173186   0 0 0
  33   0                   0 120 1 1
  33 0.5   0.535404682521126   0 0 0
  33   1   0.724975380161866   0 0 0
  33   2    0.99417150316083   0 0 0
  33   4    1.07450592737409   0 0 0
  33   6    1.16248360617664   0 0 0
  33   8    1.06840730306608   0 0 0
  33  12   0.839061147730987   0 0 0
  33  24   0.374807701971535   0 0 0
  33  48  0.0899656037474057   0 0 0
  34   0                   0 120 1 1
  34 0.5   0.511052033448171   0 0 0
  34   1   0.733552314087885   0 0 0
  34   2     1.0837609690253   0 0 0
  34   4     1.2550797427359   0 0 0
  34   6    1.16338788537924   0 0 0
  34   8    1.05597539470788   0 0 0
  34  12   0.681983708648867   0 0 0
  34  24   0.290201479255407   0 0 0
  34  48   0.042674261195293   0 0 0
  35   0                   0 120 1 1
  35 0.5   0.552287744069665   0 0 0
  35   1   0.853271667713252   0 0 0
  35   2   0.924109117096557   0 0 0
  35   4   0.893630279230319   0 0 0
  35   6   0.801351495776001   0 0 0
  35   8   0.753075303873807   0 0 0
  35  12   0.594730942062541   0 0 0
  35  24   0.335951610788657   0 0 0
  35  48   0.107761747369105   0 0 0
  36   0                   0 120 1 1
  36 0.5     0.5640472144311   0 0 0
  36   1   0.840265020455874   0 0 0
  36   2    1.01155544979332   0 0 0
  36   4   0.989446644555255   0 0 0
  36   6   0.806851718032373   0 0 0
  36   8   0.692860343404931   0 0 0
  36  12    0.59868542111058   0 0 0
  36  24   0.301068839642568   0 0 0
  36  48  0.0741072340299272   0 0 0
  37   0                   0 120 1 1
  37 0.5   0.533205320929443   0 0 0
  37   1   0.839032027121326   0 0 0
  37   2   0.950678962194504   0 0 0
  37   4    1.39124276081429   0 0 0
  37   6    1.31490951885583   0 0 0
  37   8    1.20466418339335   0 0 0
  37  12     1.0154074748731   0 0 0
  37  24   0.553506842467216   0 0 0
  37  48    0.16767091298632   0 0 0
  38   0                   0 120 1 1
  38 0.5   0.575022394167943   0 0 0
  38   1   0.765736185263425   0 0 0
  38   2   0.833113277503585   0 0 0
  38   4   0.826184300003545   0 0 0
  38   6   0.781209842125378   0 0 0
  38   8   0.787255600619357   0 0 0
  38  12   0.566730127386843   0 0 0
  38  24   0.326925009245514   0 0 0
  38  48  0.0955290835973095   0 0 0
  39   0                   0 120 1 1
  39 0.5   0.598841087196937   0 0 0
  39   1   0.832883490780505   0 0 0
  39   2   0.982822749875979   0 0 0
  39   4   0.846495075969943   0 0 0
  39   6   0.860916021355122   0 0 0
  39   8   0.809256717807502   0 0 0
  39  12   0.768534351226438   0 0 0
  39  24   0.428215725790845   0 0 0
  39  48   0.153606095532281   0 0 0
  40   0                   0 120 1 1
  40 0.5    1.08041314753814   0 0 0
  40   1    1.28074314615677   0 0 0
  40   2    1.26032054881567   0 0 0
  40   4   0.973675368037169   0 0 0
  40   6   0.809522441702622   0 0 0
  40   8   0.696174822786634   0 0 0
  40  12    0.56504408667079   0 0 0
  40  24   0.254258320630467   0 0 0
  40  48  0.0446915557830313   0 0 0
  41   0                   0 120 1 1
  41 0.5   0.958900035984314   0 0 0
  41   1    1.28593205848314   0 0 0
  41   2    1.37846557535443   0 0 0
  41   4    1.36812751358135   0 0 0
  41   6    1.11835188505589   0 0 0
  41   8   0.877255911790056   0 0 0
  41  12   0.680517531285224   0 0 0
  41  24   0.244403177158789   0 0 0
  41  48  0.0333649974851052   0 0 0
  42   0                   0 120 1 1
  42 0.5    1.40245448487843   0 0 0
  42   1    1.68319372934058   0 0 0
  42   2    1.64081085112443   0 0 0
  42   4    1.36647736659484   0 0 0
  42   6    1.10572541090652   0 0 0
  42   8    1.02457111947313   0 0 0
  42  12   0.641900108252246   0 0 0
  42  24   0.197822164375373   0 0 0
  42  48  0.0193832392824424   0 0 0
  43   0                   0 120 1 1
  43 0.5   0.584429988352367   0 0 0
  43   1   0.882763175659197   0 0 0
  43   2   0.933470360868758   0 0 0
  43   4   0.744820967975449   0 0 0
  43   6   0.587702060745956   0 0 0
  43   8   0.544997975219716   0 0 0
  43  12   0.380563524434751   0 0 0
  43  24   0.124240835486809   0 0 0
  43  48  0.0103448081950262   0 0 0
  44   0                   0 120 1 1
  44 0.5   0.612065692383276   0 0 0
  44   1   0.958440160499007   0 0 0
  44   2    1.04981762501881   0 0 0
  44   4    1.03250965780537   0 0 0
  44   6     1.0100868492004   0 0 0
  44   8   0.867884670166904   0 0 0
  44  12    0.78175478837056   0 0 0
  44  24   0.420836201618413   0 0 0
  44  48   0.115282228516993   0 0 0
  45   0                   0 120 1 1
  45 0.5   0.932851195875038   0 0 0
  45   1   0.954467555040485   0 0 0
  45   2   0.892350291871587   0 0 0
  45   4    0.79173142635644   0 0 0
  45   6   0.631567029528015   0 0 0
  45   8   0.606437037722409   0 0 0
  45  12   0.462915126341095   0 0 0
  45  24   0.329171576368699   0 0 0
  45  48   0.136557937412702   0 0 0
  46   0                   0 120 1 1
  46 0.5    1.13539994427084   0 0 0
  46   1    1.28505566131878   0 0 0
  46   2    1.22714831027449   0 0 0
  46   4     1.1134921423057   0 0 0
  46   6    1.09639963434203   0 0 0
  46   8   0.889158121114574   0 0 0
  46  12   0.654947981797516   0 0 0
  46  24   0.275583945902896   0 0 0
  46  48  0.0541250603007903   0 0 0
  47   0                   0 120 1 1
  47 0.5   0.753357271296915   0 0 0
  47   1   0.964944421121224   0 0 0
  47   2    1.12873089119292   0 0 0
  47   4    1.32237418159417   0 0 0
  47   6    1.12076740926571   0 0 0
  47   8   0.904877637971562   0 0 0
  47  12   0.892172636097147   0 0 0
  47  24   0.500594396180702   0 0 0
  47  48   0.172748536901538   0 0 0
  48   0                   0 120 1 1
  48 0.5   0.581882847524776   0 0 0
  48   1   0.844742401411556   0 0 0
  48   2    1.03372462708355   0 0 0
  48   4     1.1515509356821   0 0 0
  48   6    0.99985022969227   0 0 0
  48   8   0.969839573837038   0 0 0
  48  12   0.800774261311493   0 0 0
  48  24   0.500427535170364   0 0 0
  48  48   0.177007268377076   0 0 0
  49   0                   0 120 1 1
  49 0.5   0.705999133407674   0 0 0
  49   1   0.925233727529789   0 0 0
  49   2   0.932382964614936   0 0 0
  49   4   0.828828800540522   0 0 0
  49   6   0.810294658355451   0 0 0
  49   8   0.798292905985483   0 0 0
  49  12   0.658815599564014   0 0 0
  49  24   0.449613287779875   0 0 0
  49  48   0.196416063607024   0 0 0
  50   0                   0 120 1 1
  50 0.5   0.949746999822119   0 0 0
  50   1    1.39711100117021   0 0 0
  50   2    1.41134676146324   0 0 0
  50   4    1.47024409003103   0 0 0
  50   6    1.34775120453459   0 0 0
  50   8     1.1858040973937   0 0 0
  50  12   0.909650801010144   0 0 0
  50  24   0.503665438651899   0 0 0
  50  48   0.141922100702384   0 0 0
  51   0                   0 120 1 1
  51 0.5   0.554808874318008   0 0 0
  51   1   0.876417408068425   0 0 0
  51   2   0.982167907655614   0 0 0
  51   4    1.07787551188226   0 0 0
  51   6    1.06946520761908   0 0 0
  51   8    1.02626711827676   0 0 0
  51  12   0.744587410706954   0 0 0
  51  24   0.543143068477058   0 0 0
  51  48   0.201652492232779   0 0 0
  52   0                   0 120 1 1
  52 0.5    1.19669401904758   0 0 0
  52   1    1.55042510865349   0 0 0
  52   2    1.61997083198606   0 0 0
  52   4    1.51839202911152   0 0 0
  52   6    1.33836797931142   0 0 0
  52   8    1.15377922403306   0 0 0
  52  12   0.930312352770913   0 0 0
  52  24    0.43412169249291   0 0 0
  52  48    0.10344411698736   0 0 0
  53   0                   0 120 1 1
  53 0.5    1.33510404874713   0 0 0
  53   1    1.72581823095858   0 0 0
  53   2    1.66130483299254   0 0 0
  53   4      1.357045020792   0 0 0
  53   6    1.16019064870579   0 0 0
  53   8   0.965439062038901   0 0 0
  53  12   0.575577097411973   0 0 0
  53  24   0.198198728382663   0 0 0
  53  48  0.0157089623639907   0 0 0
  54   0                   0 120 1 1
  54 0.5   0.585126274115122   0 0 0
  54   1    0.73508330719482   0 0 0
  54   2   0.954768354066839   0 0 0
  54   4    1.10687675933542   0 0 0
  54   6   0.914591557456681   0 0 0
  54   8   0.902977674955481   0 0 0
  54  12   0.818756950809711   0 0 0
  54  24   0.513914992001434   0 0 0
  54  48   0.271948873396506   0 0 0
  55   0                   0 120 1 1
  55 0.5   0.957851948975018   0 0 0
  55   1    1.10372528199462   0 0 0
  55   2    1.02876899223217   0 0 0
  55   4   0.998920535819761   0 0 0
  55   6   0.863260488304147   0 0 0
  55   8    0.88852257360491   0 0 0
  55  12   0.690103624649713   0 0 0
  55  24    0.42062513562203   0 0 0
  55  48   0.168219505622979   0 0 0
  56   0                   0 120 1 1
  56 0.5   0.740508942303053   0 0 0
  56   1   0.951377190373255   0 0 0
  56   2    1.10256787477426   0 0 0
  56   4    1.02502844329586   0 0 0
  56   6    1.06732614705789   0 0 0
  56   8   0.862834878125985   0 0 0
  56  12   0.600095643087175   0 0 0
  56  24   0.409325641668321   0 0 0
  56  48   0.139834005228673   0 0 0
  57   0                   0 120 1 1
  57 0.5   0.709776881717646   0 0 0
  57   1   0.799740257890287   0 0 0
  57   2   0.993840845867629   0 0 0
  57   4    1.03974106019762   0 0 0
  57   6   0.836057727706732   0 0 0
  57   8   0.825611765028634   0 0 0
  57  12   0.592057755056819   0 0 0
  57  24   0.313648919988881   0 0 0
  57  48  0.0839807482665397   0 0 0
  58   0                   0 120 1 1
  58 0.5   0.714747220252536   0 0 0
  58   1   0.840276025733405   0 0 0
  58   2    1.00763028384345   0 0 0
  58   4   0.998643173453772   0 0 0
  58   6    0.93887515837433   0 0 0
  58   8   0.879004092724786   0 0 0
  58  12    0.75398080121642   0 0 0
  58  24   0.544304838528103   0 0 0
  58  48   0.239921291099292   0 0 0
  59   0                   0 120 1 1
  59 0.5   0.357222077719998   0 0 0
  59   1   0.548978355163568   0 0 0
  59   2   0.788096607681231   0 0 0
  59   4   0.861202222883229   0 0 0
  59   6     1.0052834918251   0 0 0
  59   8   0.853068859071461   0 0 0
  59  12    0.75089071924057   0 0 0
  59  24   0.483243401485673   0 0 0
  59  48   0.162517473372356   0 0 0
  60   0                   0 120 1 1
  60 0.5   0.759282826241785   0 0 0
  60   1   0.990976669482775   0 0 0
  60   2    1.11050018428896   0 0 0
  60   4   0.968663202964362   0 0 0
  60   6   0.856216458399866   0 0 0
  60   8   0.638005881789346   0 0 0
  60  12   0.380107135130064   0 0 0
  60  24   0.103154259365839   0 0 0
  60  48 0.00532235963688475   0 0 0
  61   0                   0 120 1 1
  61 0.5   0.875382047118949   0 0 0
  61   1    1.13796136774976   0 0 0
  61   2    1.36287584233357   0 0 0
  61   4    1.26796249189404   0 0 0
  61   6    1.11966419154538   0 0 0
  61   8   0.964579462841632   0 0 0
  61  12   0.652052986887501   0 0 0
  61  24   0.282103269657094   0 0 0
  61  48   0.047647628566702   0 0 0
  62   0                   0 120 1 1
  62 0.5   0.666643259556159   0 0 0
  62   1   0.921402419602746   0 0 0
  62   2     1.0462445724542   0 0 0
  62   4   0.940223865984633   0 0 0
  62   6   0.853013776492052   0 0 0
  62   8   0.812058511283282   0 0 0
  62  12   0.652037422572287   0 0 0
  62  24   0.360491890794952   0 0 0
  62  48   0.110877682882455   0 0 0
  63   0                   0 120 1 1
  63 0.5   0.574083548515257   0 0 0
  63   1   0.844641191061774   0 0 0
  63   2    1.08694526978314   0 0 0
  63   4    1.23551556932883   0 0 0
  63   6    1.19379840508311   0 0 0
  63   8    1.06115606910333   0 0 0
  63  12   0.893347727008743   0 0 0
  63  24   0.495959846800311   0 0 0
  63  48   0.153002069063311   0 0 0
  64   0                   0 120 1 1
  64 0.5   0.790645530858273   0 0 0
  64   1    1.09296064879959   0 0 0
  64   2    1.20435617083663   0 0 0
  64   4    1.18321066042349   0 0 0
  64   6   0.961988414900758   0 0 0
  64   8     1.0357521191024   0 0 0
  64  12   0.870000426924016   0 0 0
  64  24   0.632893167553805   0 0 0
  64  48   0.304956864938398   0 0 0
  65   0                   0 120 1 1
  65 0.5   0.560718853018357   0 0 0
  65   1   0.800356505782757   0 0 0
  65   2    1.12520683372684   0 0 0
  65   4    1.10833216898705   0 0 0
  65   6   0.925683682168243   0 0 0
  65   8   0.862366151773065   0 0 0
  65  12   0.798868840913766   0 0 0
  65  24   0.594732353988086   0 0 0
  65  48   0.301878039876452   0 0 0
  66   0                   0 120 1 1
  66 0.5   0.896025915697897   0 0 0
  66   1    1.13413308530426   0 0 0
  66   2    1.11507444014429   0 0 0
  66   4    1.05681784234242   0 0 0
  66   6    1.00159634277294   0 0 0
  66   8   0.993092102934557   0 0 0
  66  12   0.935191763981423   0 0 0
  66  24   0.721444076442242   0 0 0
  66  48    0.32245771286686   0 0 0
  67   0                   0 120 1 1
  67 0.5   0.887486727276302   0 0 0
  67   1    1.15730062108617   0 0 0
  67   2    1.23080886670058   0 0 0
  67   4    1.11958051606653   0 0 0
  67   6   0.992852492476035   0 0 0
  67   8   0.956928135523381   0 0 0
  67  12   0.749258993420978   0 0 0
  67  24   0.471937781927577   0 0 0
  67  48    0.21436215910398   0 0 0
  68   0                   0 120 1 1
  68 0.5   0.675140003448954   0 0 0
  68   1   0.943941775665156   0 0 0
  68   2    1.02882833917614   0 0 0
  68   4   0.935928133500046   0 0 0
  68   6   0.913470793079046   0 0 0
  68   8   0.846671323690327   0 0 0
  68  12   0.598749943525618   0 0 0
  68  24   0.250042781102432   0 0 0
  68  48  0.0466280590916626   0 0 0
  69   0                   0 120 1 1
  69 0.5    1.02042021617466   0 0 0
  69   1    1.14010327245111   0 0 0
  69   2    1.25856547366771   0 0 0
  69   4    1.10669112357929   0 0 0
  69   6    1.20149534516535   0 0 0
  69   8    1.01281252363954   0 0 0
  69  12   0.840546687170733   0 0 0
  69  24   0.537609495642988   0 0 0
  69  48   0.150961537611702   0 0 0
  70   0                   0 120 1 1
  70 0.5   0.491331567163135   0 0 0
  70   1   0.709397611361185   0 0 0
  70   2   0.960308030223355   0 0 0
  70   4    1.02986916739766   0 0 0
  70   6     1.1740208221412   0 0 0
  70   8    1.08404931203097   0 0 0
  70  12   0.920914855543217   0 0 0
  70  24   0.661164631810316   0 0 0
  70  48   0.294070410966386   0 0 0
  71   0                   0 120 1 1
  71 0.5   0.754596091810751   0 0 0
  71   1    1.00209478256316   0 0 0
  71   2    1.23643421660736   0 0 0
  71   4    1.29038216420456   0 0 0
  71   6    1.14825635309013   0 0 0
  71   8    0.95111650525067   0 0 0
  71  12   0.774054547873828   0 0 0
  71  24   0.339681800837365   0 0 0
  71  48  0.0669116683554857   0 0 0
  72   0                   0 120 1 1
  72 0.5   0.684787790704872   0 0 0
  72   1   0.864080914017213   0 0 0
  72   2   0.937849536251494   0 0 0
  72   4    1.02462060930622   0 0 0
  72   6   0.913195540407563   0 0 0
  72   8    0.76161466395777   0 0 0
  72  12    0.69646143304544   0 0 0
  72  24   0.322798971163877   0 0 0
  72  48  0.0693469514835624   0 0 0
  73   0                   0 120 1 1
  73 0.5    1.00559884769111   0 0 0
  73   1    1.40846052509819   0 0 0
  73   2    1.37739572158507   0 0 0
  73   4    1.08654891020333   0 0 0
  73   6   0.774544079842482   0 0 0
  73   8   0.629925498551041   0 0 0
  73  12   0.460093279586128   0 0 0
  73  24   0.146492058537704   0 0 0
  73  48  0.0171563970564628   0 0 0
  74   0                   0 120 1 1
  74 0.5   0.522619016966053   0 0 0
  74   1   0.853946465744874   0 0 0
  74   2    1.01069178032425   0 0 0
  74   4    1.03725244873003   0 0 0
  74   6   0.976213513404904   0 0 0
  74   8   0.866122400253708   0 0 0
  74  12   0.629506313818246   0 0 0
  74  24   0.215960638193802   0 0 0
  74  48  0.0281919149146903   0 0 0
  75   0                   0 120 1 1
  75 0.5   0.578620704297903   0 0 0
  75   1   0.926586884657515   0 0 0
  75   2   0.937244106359417   0 0 0
  75   4    0.94078321640963   0 0 0
  75   6   0.849547217189429   0 0 0
  75   8   0.826004386924286   0 0 0
  75  12   0.629338353852125   0 0 0
  75  24   0.271075739941432   0 0 0
  75  48  0.0696957822677237   0 0 0
  76   0                   0 120 1 1
  76 0.5   0.663497996253384   0 0 0
  76   1   0.865827146709388   0 0 0
  76   2   0.905313029391697   0 0 0
  76   4   0.873370680958816   0 0 0
  76   6   0.882983421372403   0 0 0
  76   8   0.837504562864728   0 0 0
  76  12   0.620425694009675   0 0 0
  76  24    0.33218205391224   0 0 0
  76  48   0.102957205864502   0 0 0
  77   0                   0 120 1 1
  77 0.5   0.855160211777395   0 0 0
  77   1    1.24875323193421   0 0 0
  77   2    1.30724934214776   0 0 0
  77   4    1.34362700935002   0 0 0
  77   6    1.19344323421317   0 0 0
  77   8    1.11622037361241   0 0 0
  77  12   0.820622221975754   0 0 0
  77  24    0.51683486366148   0 0 0
  77  48   0.150722411100499   0 0 0
  78   0                   0 120 1 1
  78 0.5   0.564436682434184   0 0 0
  78   1   0.836880949608624   0 0 0
  78   2   0.947333055162242   0 0 0
  78   4   0.919652879438663   0 0 0
  78   6   0.822892789309634   0 0 0
  78   8   0.652938045577694   0 0 0
  78  12   0.403699206020121   0 0 0
  78  24  0.0972940269542388   0 0 0
  78  48 0.00612752231183513   0 0 0
  79   0                   0 120 1 1
  79 0.5    1.00994789766285   0 0 0
  79   1    1.37220354381773   0 0 0
  79   2    1.38704349891102   0 0 0
  79   4    1.33264266905133   0 0 0
  79   6    1.05152417349481   0 0 0
  79   8   0.959027859713071   0 0 0
  79  12   0.776887113929853   0 0 0
  79  24   0.435326591473137   0 0 0
  79  48   0.108428748016361   0 0 0
  80   0                   0 120 1 1
  80 0.5   0.541833150413612   0 0 0
  80   1   0.709274376899958   0 0 0
  80   2   0.701301118253742   0 0 0
  80   4   0.716088534659319   0 0 0
  80   6   0.634782850928843   0 0 0
  80   8   0.611441632044932   0 0 0
  80  12   0.582869684875006   0 0 0
  80  24   0.384120416435274   0 0 0
  80  48   0.161625559126838   0 0 0
  81   0                   0 120 1 1
  81 0.5    1.22761864875287   0 0 0
  81   1    1.71960291941434   0 0 0
  81   2    1.47791949619495   0 0 0
  81   4    0.98493882200641   0 0 0
  81   6   0.885872648337796   0 0 0
  81   8   0.733292665741662   0 0 0
  81  12   0.560754497597975   0 0 0
  81  24    0.21724609701452   0 0 0
  81  48  0.0403257177586423   0 0 0
  82   0                   0 120 1 1
  82 0.5    0.49433966798285   0 0 0
  82   1    0.74177017573273   0 0 0
  82   2   0.714678242103395   0 0 0
  82   4   0.953598705659344   0 0 0
  82   6   0.843706610079766   0 0 0
  82   8   0.875235571135962   0 0 0
  82  12   0.710173401038627   0 0 0
  82  24   0.493955737011803   0 0 0
  82  48   0.214312559613196   0 0 0
  83   0                   0 120 1 1
  83 0.5    1.23677839311381   0 0 0
  83   1    1.46785920477829   0 0 0
  83   2    1.26005024478023   0 0 0
  83   4    1.12166654466848   0 0 0
  83   6    1.03500793893515   0 0 0
  83   8    1.01812894520514   0 0 0
  83  12   0.775174151248146   0 0 0
  83  24   0.466983495917016   0 0 0
  83  48   0.183495874748156   0 0 0
  84   0                   0 120 1 1
  84 0.5   0.432272531108695   0 0 0
  84   1   0.757905660768688   0 0 0
  84   2    1.01176035352848   0 0 0
  84   4    1.18214851138113   0 0 0
  84   6   0.929284694791143   0 0 0
  84   8   0.910913467669474   0 0 0
  84  12   0.553930757087479   0 0 0
  84  24   0.240653809053036   0 0 0
  84  48  0.0282787334404936   0 0 0
  85   0                   0 120 1 1
  85 0.5   0.341182738549124   0 0 0
  85   1   0.499107270696902   0 0 0
  85   2   0.657248334572657   0 0 0
  85   4    0.78067459563816   0 0 0
  85   6   0.914713485335915   0 0 0
  85   8   0.815031274040431   0 0 0
  85  12   0.720659737517242   0 0 0
  85  24   0.402910850093097   0 0 0
  85  48   0.136779354188207   0 0 0
  86   0                   0 120 1 1
  86 0.5   0.368828450650803   0 0 0
  86   1   0.577787798109434   0 0 0
  86   2   0.868660248042609   0 0 0
  86   4    1.13658031080146   0 0 0
  86   6    1.04612215143711   0 0 0
  86   8    1.04740749145907   0 0 0
  86  12   0.835261414389836   0 0 0
  86  24   0.383605482599327   0 0 0
  86  48  0.0865630537163975   0 0 0
  87   0                   0 120 1 1
  87 0.5   0.744415578981047   0 0 0
  87   1    1.20064993496771   0 0 0
  87   2    1.42659627138672   0 0 0
  87   4     1.5359681246865   0 0 0
  87   6    1.55329344683263   0 0 0
  87   8    1.41993773512855   0 0 0
  87  12    1.10423896762665   0 0 0
  87  24   0.687024304848824   0 0 0
  87  48   0.273112356778858   0 0 0
  88   0                   0 120 1 1
  88 0.5    0.68502883859286   0 0 0
  88   1   0.878358701682127   0 0 0
  88   2    1.09940149353434   0 0 0
  88   4    1.20275144967455   0 0 0
  88   6    1.04972943144331   0 0 0
  88   8    1.01689538169028   0 0 0
  88  12   0.871004629528918   0 0 0
  88  24   0.535954721891254   0 0 0
  88  48   0.162840268546734   0 0 0
  89   0                   0 120 1 1
  89 0.5   0.718595445459502   0 0 0
  89   1    1.01166547181071   0 0 0
  89   2    0.89053350661773   0 0 0
  89   4   0.768116345255028   0 0 0
  89   6   0.699467220299063   0 0 0
  89   8   0.626035355750593   0 0 0
  89  12   0.464244175743008   0 0 0
  89  24   0.257004834252626   0 0 0
  89  48  0.0927721823041973   0 0 0
  90   0                   0 120 1 1
  90 0.5   0.868224688377942   0 0 0
  90   1    1.04204521530448   0 0 0
  90   2    1.18155087497434   0 0 0
  90   4     1.1043332266987   0 0 0
  90   6   0.955217592292595   0 0 0
  90   8   0.929390465962109   0 0 0
  90  12   0.721031070701409   0 0 0
  90  24   0.378459593125268   0 0 0
  90  48   0.116322105369562   0 0 0
  91   0                   0 120 1 1
  91 0.5      1.057806774701   0 0 0
  91   1    1.48766494499111   0 0 0
  91   2    1.34024766112568   0 0 0
  91   4    1.15284550318098   0 0 0
  91   6    1.02196322635291   0 0 0
  91   8    1.02551167636323   0 0 0
  91  12    0.74135681224916   0 0 0
  91  24   0.332144349551198   0 0 0
  91  48  0.0763477030320984   0 0 0
  92   0                   0 120 1 1
  92 0.5   0.693247594943546   0 0 0
  92   1   0.898643694827025   0 0 0
  92   2     1.1423312183547   0 0 0
  92   4    1.01890770529828   0 0 0
  92   6    1.01631890381644   0 0 0
  92   8   0.903750172746033   0 0 0
  92  12    0.81683498121898   0 0 0
  92  24   0.538490681493068   0 0 0
  92  48   0.186775806697229   0 0 0
  93   0                   0 120 1 1
  93 0.5   0.764154879790461   0 0 0
  93   1   0.989311978951466   0 0 0
  93   2    1.27643808817662   0 0 0
  93   4    1.19938371511933   0 0 0
  93   6    1.15952500387387   0 0 0
  93   8   0.989335430649152   0 0 0
  93  12    0.89059384579918   0 0 0
  93  24   0.557962145278503   0 0 0
  93  48   0.266607219846914   0 0 0
  94   0                   0 120 1 1
  94 0.5    0.78907881166795   0 0 0
  94   1    1.01819627593066   0 0 0
  94   2     1.1137794901757   0 0 0
  94   4    1.05797364232036   0 0 0
  94   6     1.0341182619106   0 0 0
  94   8   0.929706605528024   0 0 0
  94  12   0.763027815358545   0 0 0
  94  24   0.485698986077597   0 0 0
  94  48   0.218391485911868   0 0 0
  95   0                   0 120 1 1
  95 0.5   0.764540623858955   0 0 0
  95   1    1.11755190470788   0 0 0
  95   2    1.38064714420613   0 0 0
  95   4    1.39914866746604   0 0 0
  95   6    1.20555677481801   0 0 0
  95   8    1.30223528451596   0 0 0
  95  12   0.839589253299237   0 0 0
  95  24   0.414392464340657   0 0 0
  95  48  0.0693492210554574   0 0 0
  96   0                   0 120 1 1
  96 0.5    1.26510235156439   0 0 0
  96   1    1.76917107327034   0 0 0
  96   2    1.57466991939134   0 0 0
  96   4    1.39680590537827   0 0 0
  96   6    1.18770686863323   0 0 0
  96   8     1.0996417810186   0 0 0
  96  12   0.747553779676523   0 0 0
  96  24   0.307532216158074   0 0 0
  96  48  0.0567439539569092   0 0 0
  97   0                   0 120 1 1
  97 0.5   0.601570911119043   0 0 0
  97   1   0.792472027413925   0 0 0
  97   2   0.924977511950348   0 0 0
  97   4   0.910504016930186   0 0 0
  97   6   0.841350572148017   0 0 0
  97   8   0.724491273400062   0 0 0
  97  12     0.6564158100472   0 0 0
  97  24   0.301243141403408   0 0 0
  97  48  0.0674940122717512   0 0 0
  98   0                   0 120 1 1
  98 0.5      1.103581793194   0 0 0
  98   1    1.09476026684364   0 0 0
  98   2    1.17581856214325   0 0 0
  98   4   0.938010704423085   0 0 0
  98   6    0.81286142256849   0 0 0
  98   8   0.654104549978819   0 0 0
  98  12   0.468578319112002   0 0 0
  98  24   0.136799168577032   0 0 0
  98  48   0.011802880063228   0 0 0
  99   0                   0 120 1 1
  99 0.5   0.487284945322959   0 0 0
  99   1   0.727848226279166   0 0 0
  99   2   0.822996461704983   0 0 0
  99   4   0.951279802335864   0 0 0
  99   6   0.977599922131109   0 0 0
  99   8   0.854063159743639   0 0 0
  99  12   0.768629368489423   0 0 0
  99  24   0.434287686465772   0 0 0
  99  48   0.156764600434274   0 0 0
 100   0                   0 120 1 1
 100 0.5   0.504634073905494   0 0 0
 100   1   0.749729175714047   0 0 0
 100   2   0.891374513857161   0 0 0
 100   4   0.950788988281001   0 0 0
 100   6   0.892148425725863   0 0 0
 100   8   0.818858339156818   0 0 0
 100  12   0.729156866394097   0 0 0
 100  24   0.378153058179546   0 0 0
 100  48   0.115605254340376   0 0 0
