   1  0                   0 120 1 1
   1  2    1.08035846467155   0 0 0
   1 12   0.768355065270153   0 0 0
   1 24   0.496829600380753   0 0 0
   1 48   0.203570298228871   0 0 0
   2  0                   0 120 1 1
   2  2    1.56482928567847   0 0 0
   2 12   0.903222496572357   0 0 0
   2 24   0.555790158345844   0 0 0
   2 48   0.155527247231719   0 0 0
   3  0                   0 120 1 1
   3  2    1.08514372934359   0 0 0
   3 12   0.787318976194911   0 0 0
   3 24   0.346199706745316   0 0 0
   3 48  0.0848345669118798   0 0 0
   4  0                   0 120 1 1
   4  2    1.11156666514233   0 0 0
   4 12   0.980874683566161   0 0 0
   4 24   0.441429362792385   0 0 0
   4 48   0.114762427286539   0 0 0
   5  0                   0 120 1 1
   5  2    1.08980683930762   0 0 0
   5 12   0.972159683437092   0 0 0
   5 24   0.820811456024489   0 0 0
   5 48   0.468631779319843   0 0 0
   6  0                   0 120 1 1
   6  2   0.931360097154301   0 0 0
   6 12   0.846641927838585   0 0 0
   6 24   0.551665874129605   0 0 0
   6 48   0.260920392295465   0 0 0
   7  0                   0 120 1 1
   7  2   0.967827394739905   0 0 0
   7 12   0.605961277990774   0 0 0
   7 24   0.227688219862828   0 0 0
   7 48  0.0263701492009672   0 0 0
   8  0                   0 120 1 1
   8  2   0.697037244125193   0 0 0
   8 12   0.658478528484602   0 0 0
   8 24   0.428453943925415   0 0 0
   8 48    0.18916808939862   0 0 0
   9  0                   0 120 1 1
   9  2    1.33203162787722   0 0 0
   9 12    0.64813066696286   0 0 0
   9 24   0.293846777284098   0 0 0
   9 48  0.0650398673714073   0 0 0
  10  0                   0 120 1 1
  10  2    1.78068227052711   0 0 0
  10 12    1.07657298617642   0 0 0
  10 24   0.545875886763231   0 0 0
  10 48   0.133845603351459   0 0 0
  11  0                   0 120 1 1
  11  2    1.41603125013023   0 0 0
  11 12   0.740783359607653   0 0 0
  11 24   0.258569090792481   0 0 0
  11 48   0.044647665908156   0 0 0
  12  0                   0 120 1 1
  12  2   0.943015383390359   0 0 0
  12 12    0.51961916883876   0 0 0
  12 24   0.281576788390851   0 0 0
  12 48  0.0714384573251624   0 0 0
  13  0                   0 120 1 1
  13  2   0.904430730723002   0 0 0
  13 12   0.897359620664186   0 0 0
  13 24   0.645355983685544   0 0 0
  13 48   0.266443570451011   0 0 0
  14  0                   0 120 1 1
  14  2    1.20971121270389   0 0 0
  14 12    0.86943652232426   0 0 0
  14 24   0.425498832604492   0 0 0
  14 48    0.15267297663077   0 0 0
  15  0                   0 120 1 1
  15  2    1.05919347537908   0 0 0
  15 12   0.603635248372617   0 0 0
  15 24   0.225238345268987   0 0 0
  15 48  0.0281422391138889   0 0 0
  16  0                   0 120 1 1
  16  2    1.27138605182165   0 0 0
  16 12   0.616945471392324   0 0 0
  16 24   0.214579255741723   0 0 0
  16 48  0.0311274048615778   0 0 0
  17  0                   0 120 1 1
  17  2    1.38055789083361   0 0 0
  17 12   0.823659880129137   0 0 0
  17 24   0.553574113840365   0 0 0
  17 48   0.214149698714122   0 0 0
  18  0                   0 120 1 1
  18  2   0.932318007057069   0 0 0
  18 12   0.636810507895654   0 0 0
  18 24   0.420201832361728   0 0 0
  18 48   0.206863614961457   0 0 0
  19  0                   0 120 1 1
  19  2   0.884581188329466   0 0 0
  19 12   0.841476847984183   0 0 0
  19 24   0.490398474965389   0 0 0
  19 48   0.226691375485993   0 0 0
  20  0                   0 120 1 1
  20  2     0.9496074371572   0 0 0
  20 12   0.563739293711705   0 0 0
  20 24   0.178527719486692   0 0 0
  20 48  0.0164340874013324   0 0 0
  21  0                   0 120 1 1
  21  2   0.847281145964915   0 0 0
  21 12    0.59752932410813   0 0 0
  21 24   0.338910703541553   0 0 0
  21 48   0.116718247612914   0 0 0
  22  0                   0 120 1 1
  22  2    1.05488009450276   0 0 0
  22 12   0.432577799773154   0 0 0
  22 24   0.155413448355497   0 0 0
  22 48   0.020037628357364   0 0 0
  23  0                   0 120 1 1
  23  2     1.0357073692077   0 0 0
  23 12    0.80316536882019   0 0 0
  23 24   0.314035409416153   0 0 0
  23 48  0.0641556147920772   0 0 0
  24  0                   0 120 1 1
  24  2    1.51865703951396   0 0 0
  24 12   0.451505802174934   0 0 0
  24 24  0.0778962756869663   0 0 0
  24 48 0.00244906922875677   0 0 0
  25  0                   0 120 1 1
  25  2    1.01707070470679   0 0 0
  25 12    0.85513636028966   0 0 0
  25 24   0.394489897226866   0 0 0
  25 48  0.0997164030654638   0 0 0
  26  0                   0 120 1 1
  26  2   0.801934728604705   0 0 0
  26 12   0.818072748461186   0 0 0
  26 24   0.526357176564398   0 0 0
  26 48    0.24471551845787   0 0 0
  27  0                   0 120 1 1
  27  2   0.860508123594229   0 0 0
  27 12   0.811486737413116   0 0 0
  27 24   0.345550665838042   0 0 0
  27 48  0.0640885776755097   0 0 0
  28  0                   0 120 1 1
  28  2    1.02498136891235   0 0 0
  28 12   0.699253392853584   0 0 0
  28 24   0.284728481784602   0 0 0
  28 48   0.053948060452452   0 0 0
  29  0                   0 120 1 1
  29  2    1.50008375125426   0 0 0
  29 12   0.700346578199669   0 0 0
  29 24   0.238219768280552   0 0 0
  29 48  0.0375334893338974   0 0 0
  30  0                   0 120 1 1
  30  2   0.921909191590119   0 0 0
  30 12   0.791440953855893   0 0 0
  30 24   0.594612772074423   0 0 0
  30 48   0.305795858358048   0 0 0
  31  0                   0 120 1 1
  31  2    1.26913587116858   0 0 0
  31 12   0.771020925697329   0 0 0
  31 24   0.348297395865178   0 0 0
  31 48  0.0817971733237678   0 0 0
  32  0                   0 120 1 1
  32  2    1.24801311163335   0 0 0
  32 12   0.659128162590854   0 0 0
  32 24   0.249482591421226   0 0 0
  32 48  0.0332452492919766   0 0 0
  33  0                   0 120 1 1
  33  2   0.989890754878994   0 0 0
  33 12   0.840285751214165   0 0 0
  33 24   0.375383460463199   0 0 0
  33 48  0.0901038710449195   0 0 0
  34  0                   0 120 1 1
  34  2    1.09849559186372   0 0 0
  34 12   0.677873153834102   0 0 0
  34 24   0.288402797328778   0 0 0
  34 48  0.0424097205996051   0 0 0
  35  0                   0 120 1 1
  35  2    0.92453505298514   0 0 0
  35 12   0.593831259923032   0 0 0
  35 24   0.335442674846334   0 0 0
  35 48   0.107598497881336   0 0 0
  36  0                   0 120 1 1
  36  2    1.01401787440801   0 0 0
  36 12   0.596461739385714   0 0 0
  36 24   0.299950216950648   0 0 0
  36 48  0.0738318881803908   0 0 0
  37  0                   0 120 1 1
  37  2   0.940754191738959   0 0 0
  37 12    1.01810371387465   0 0 0
  37 24   0.555017540650803   0 0 0
  37 48   0.168128581438301   0 0 0
  38  0                   0 120 1 1
  38  2   0.833845956947086   0 0 0
  38 12   0.566141177936459   0 0 0
  38 24   0.326584260100151   0 0 0
  38 48  0.0954295148523585   0 0 0
  39  0                   0 120 1 1
  39  2   0.985406801072689   0 0 0
  39 12   0.765940483022515   0 0 0
  39 24   0.426770068445145   0 0 0
  39 48   0.153087520889964   0 0 0
  40  0                   0 120 1 1
  40  2    1.27074837716059   0 0 0
  40 12   0.567414246952325   0 0 0
  40 24   0.255324727429589   0 0 0
  40 48  0.0448790005022584   0 0 0
  41  0                   0 120 1 1
  41  2    1.37693453829891   0 0 0
  41 12   0.682102452046385   0 0 0
  41 24   0.244972559783645   0 0 0
  41 48  0.0334427275203432   0 0 0
  42  0                   0 120 1 1
  42  2    1.63304799236333   0 0 0
  42 12   0.638159986005828   0 0 0
  42 24   0.196669524592758   0 0 0
  42 48  0.0192702999636859   0 0 0
  43  0                   0 120 1 1
  43  2   0.932563572701035   0 0 0
  43 12   0.378853145881167   0 0 0
  43 24    0.12368169880204   0 0 0
  43 48  0.0102982520544728   0 0 0
  44  0                   0 120 1 1
  44  2    1.05274719350155   0 0 0
  44 12   0.779602971105752   0 0 0
  44 24   0.419675622937384   0 0 0
  44 48   0.114964303771004   0 0 0
  45  0                   0 120 1 1
  45  2   0.889823190362386   0 0 0
  45 12   0.462624780591122   0 0 0
  45 24   0.328966181469268   0 0 0
  45 48   0.136472728789205   0 0 0
  46  0                   0 120 1 1
  46  2    1.22723678550228   0 0 0
  46 12    0.65501273266705   0 0 0
  46 24   0.275611195480325   0 0 0
  46 48  0.0541304082560693   0 0 0
  47  0                   0 120 1 1
  47  2    1.13263580884459   0 0 0
  47 12   0.890297337760686   0 0 0
  47 24   0.499541125384818   0 0 0
  47 48   0.172385066891555   0 0 0
  48  0                   0 120 1 1
  48  2    1.03934431950707   0 0 0
  48 12   0.798580884537145   0 0 0
  48 24   0.499056304390615   0 0 0
  48 48   0.176522247374883   0 0 0
  49  0                   0 120 1 1
  49  2   0.933577778430017   0 0 0
  49 12   0.659925425004838   0 0 0
  49 24   0.450368700299919   0 0 0
  49 48   0.196746069685921   0 0 0
  50  0                   0 120 1 1
  50  2    1.40960007336764   0 0 0
  50 12   0.911215730338745   0 0 0
  50 24    0.50453265724527   0 0 0
  50 48   0.142166464216733   0 0 0
  51  0                   0 120 1 1
  51  2   0.979397655398271   0 0 0
  51 12   0.745425588064118   0 0 0
  51 24   0.543767243644345   0 0 0
  51 48   0.201884248228186   0 0 0
  52  0                   0 120 1 1
  52  2    1.62077118205087   0 0 0
  52 12   0.933099025421473   0 0 0
  52 24   0.435422070882562   0 0 0
  52 48   0.103753975385216   0 0 0
  53  0                   0 120 1 1
  53  2     1.6654538566946   0 0 0
  53 12   0.578213089420421   0 0 0
  53 24   0.199106447537127   0 0 0
  53 48  0.0157809069544565   0 0 0
  54  0                   0 120 1 1
  54  2   0.951437882484023   0 0 0
  54 12   0.819663126415785   0 0 0
  54 24   0.514483997025185   0 0 0
  54 48    0.27224997430895   0 0 0
  55  0                   0 120 1 1
  55  2     1.0275251427677   0 0 0
  55 12   0.689677111510489   0 0 0
  55 24    0.42036544497316   0 0 0
  55 48   0.168115648245048   0 0 0
  56  0                   0 120 1 1
  56  2    1.10285272885889   0 0 0
  56 12   0.601197289629033   0 0 0
  56 24   0.410077022170042   0 0 0
  56 48   0.140090692178826   0 0 0
  57  0                   0 120 1 1
  57  2   0.991035924069514   0 0 0
  57 12   0.594145105658285   0 0 0
  57 24   0.314756816665247   0 0 0
  57 48   0.084277392180075   0 0 0
  58  0                   0 120 1 1
  58  2    1.00478495367306   0 0 0
  58 12   0.755078496566887   0 0 0
  58 24   0.545099309492937   0 0 0
  58 48   0.240271482078359   0 0 0
  59  0                   0 120 1 1
  59  2   0.790528208789695   0 0 0
  59 12   0.750405813707114   0 0 0
  59 24   0.482896862383256   0 0 0
  59 48   0.162400746277041   0 0 0
  60  0                   0 120 1 1
  60  2    1.10934760322909   0 0 0
  60 12   0.382318850897785   0 0 0
  60 24   0.103755018657284   0 0 0
  60 48 0.00535335629046099   0 0 0
  61  0                   0 120 1 1
  61  2     1.3624183455285   0 0 0
  61 12   0.652358941865747   0 0 0
  61 24   0.282235728357522   0 0 0
  61 48  0.0476700010091856   0 0 0
  62  0                   0 120 1 1
  62  2    1.04630325770223   0 0 0
  62 12    0.65125246898431   0 0 0
  62 24   0.360057857792059   0 0 0
  62 48   0.110744185935814   0 0 0
  63  0                   0 120 1 1
  63  2    1.09547064233595   0 0 0
  63 12    0.89021427700411   0 0 0
  63 24   0.494209869194982   0 0 0
  63 48   0.152462204004085   0 0 0
  64  0                   0 120 1 1
  64  2    1.20549469609396   0 0 0
  64 12   0.869251130925951   0 0 0
  64 24   0.632347593081447   0 0 0
  64 48   0.304693982175852   0 0 0
  65  0                   0 120 1 1
  65  2     1.1245991647748   0 0 0
  65 12   0.799064870334217   0 0 0
  65 24   0.594878629274993   0 0 0
  65 48   0.301952287281878   0 0 0
  66  0                   0 120 1 1
  66  2    1.11539382720189   0 0 0
  66 12   0.935769837646098   0 0 0
  66 24   0.721890142168137   0 0 0
  66 48   0.322657087058117   0 0 0
  67  0                   0 120 1 1
  67  2    1.23105608184826   0 0 0
  67 12   0.749465946663163   0 0 0
  67 24   0.472068121039579   0 0 0
  67 48   0.214421361335904   0 0 0
  68  0                   0 120 1 1
  68  2    1.02837355271446   0 0 0
  68 12   0.599135284261546   0 0 0
  68 24   0.250203757874351   0 0 0
  68 48  0.0466580781206005   0 0 0
  69  0                   0 120 1 1
  69  2    1.25887403661053   0 0 0
  69 12   0.842145965027503   0 0 0
  69 24   0.538632528829248   0 0 0
  69 48   0.151248805764014   0 0 0
  70  0                   0 120 1 1
  70  2   0.964667493997581   0 0 0
  70 12   0.919983902017879   0 0 0
  70 24   0.660477014040123   0 0 0
  70 48   0.293764551599426   0 0 0
  71  0                   0 120 1 1
  71  2    1.23509850657555   0 0 0
  71 12   0.774831488575076   0 0 0
  71 24   0.340024150014813   0 0 0
  71 48  0.0669791056583392   0 0 0
  72  0                   0 120 1 1
  72  2   0.935848200444845   0 0 0
  72 12   0.697705524627287   0 0 0
  72 24    0.32337735216671   0 0 0
  72 48   0.069471205363264   0 0 0
  73  0                   0 120 1 1
  73  2    1.37530044910166   0 0 0
  73 12     0.4595891941394   0 0 0
  73 24   0.146332083943357   0 0 0
  73 48  0.0171376616595508   0 0 0
  74  0                   0 120 1 1
  74  2    1.01877297945389   0 0 0
  74 12   0.625373579837947   0 0 0
  74 24   0.214532722198606   0 0 0
  74 48  0.0280055099214973   0 0 0
  75  0                   0 120 1 1
  75  2    0.93811477748147   0 0 0
  75 12    0.62834834306251   0 0 0
  75 24   0.270649105526953   0 0 0
  75 48  0.0695860910176554   0 0 0
  76  0                   0 120 1 1
  76  2    0.90599549824164   0 0 0
  76 12   0.619776811271416   0 0 0
  76 24    0.33183451497624   0 0 0
  76 48    0.10284948890837   0 0 0
  77  0                   0 120 1 1
  77  2    1.30956102023654   0 0 0
  77 12   0.818151777972225   0 0 0
  77 24   0.515278427548541   0 0 0
  77 48   0.150268514131272   0 0 0
  78  0                   0 120 1 1
  78  2   0.950124585697004   0 0 0
  78 12   0.401546871666937   0 0 0
  78 24  0.0967726066615907   0 0 0
  78 48 0.00609468330564276   0 0 0
  79  0                   0 120 1 1
  79  2    1.38577501587465   0 0 0
  79 12   0.774510208866355   0 0 0
  79 24   0.433994622533173   0 0 0
  79 48   0.108096988673092   0 0 0
  80  0                   0 120 1 1
  80  2    0.70058564526444   0 0 0
  80 12   0.584209369790937   0 0 0
  80 24   0.385004244919078   0 0 0
  80 48   0.161997445876122   0 0 0
  81  0                   0 120 1 1
  81  2    1.47948037934668   0 0 0
  81 12   0.561035153580664   0 0 0
  81 24   0.217354606793256   0 0 0
  81 48  0.0403458595868223   0 0 0
  82  0                   0 120 1 1
  82  2   0.715797081529014   0 0 0
  82 12   0.709788314051393   0 0 0
  82 24   0.493670284444335   0 0 0
  82 48   0.214188624246993   0 0 0
  83  0                   0 120 1 1
  83  2    1.24939322040507   0 0 0
  83 12   0.772915325818217   0 0 0
  83 24   0.465622778114748   0 0 0
  83 48   0.182961196076726   0 0 0
  84  0                   0 120 1 1
  84  2    1.02376412407959   0 0 0
  84 12   0.550188153221051   0 0 0
  84 24   0.239014922176725   0 0 0
  84 48  0.0280861491356486   0 0 0
  85  0                   0 120 1 1
  85  2   0.647315682370324   0 0 0
  85 12   0.722954739777406   0 0 0
  85 24   0.404398238024664   0 0 0
  85 48   0.137286147880659   0 0 0
  86  0                   0 120 1 1
  86  2   0.871174867225349   0 0 0
  86 12    0.83463078730523   0 0 0
  86 24   0.383276014672416   0 0 0
  86 48  0.0864884244874283   0 0 0
  87  0                   0 120 1 1
  87  2     1.4328487657116   0 0 0
  87 12    1.10246177792927   0 0 0
  87 24   0.685916194635624   0 0 0
  87 48   0.272671850314112   0 0 0
  88  0                   0 120 1 1
  88  2    1.09481455703004   0 0 0
  88 12   0.872724728511194   0 0 0
  88 24   0.537023041198882   0 0 0
  88 48   0.163164860789647   0 0 0
  89  0                   0 120 1 1
  89  2    0.89337532474304   0 0 0
  89 12   0.465000894830309   0 0 0
  89 24   0.257423713473442   0 0 0
  89 48  0.0929233870082294   0 0 0
  90  0                   0 120 1 1
  90  2    1.18179093626904   0 0 0
  90 12   0.719601197544881   0 0 0
  90 24   0.377703330543448   0 0 0
  90 48   0.116089656173074   0 0 0
  91  0                   0 120 1 1
  91  2    1.33339899210739   0 0 0
  91 12   0.738117966643503   0 0 0
  91 24   0.330693777107196   0 0 0
  91 48  0.0760142700663634   0 0 0
  92  0                   0 120 1 1
  92  2    1.13940603151003   0 0 0
  92 12   0.818311135881115   0 0 0
  92 24   0.539464713601891   0 0 0
  92 48   0.187113650433442   0 0 0
  93  0                   0 120 1 1
  93  2    1.27586518823642   0 0 0
  93 12   0.891313103264058   0 0 0
  93 24   0.558414915281177   0 0 0
  93 48   0.266823567646581   0 0 0
  94  0                   0 120 1 1
  94  2    1.11390526404723   0 0 0
  94 12   0.763266045462488   0 0 0
  94 24    0.48585058527883   0 0 0
  94 48    0.21845965155156   0 0 0
  95  0                   0 120 1 1
  95  2    1.39152625904547   0 0 0
  95 12   0.835533077346782   0 0 0
  95 24   0.412376963516481   0 0 0
  95 48  0.0690119198836934   0 0 0
  96  0                   0 120 1 1
  96  2    1.57644815006003   0 0 0
  96 12   0.748577160312275   0 0 0
  96 24   0.307953205729787   0 0 0
  96 48  0.0568216323858581   0 0 0
  97  0                   0 120 1 1
  97  2   0.925156947307893   0 0 0
  97 12   0.656300599439235   0 0 0
  97 24   0.301190165550303   0 0 0
  97 48  0.0674821429384461   0 0 0
  98  0                   0 120 1 1
  98  2    1.18035748292565   0 0 0
  98 12   0.471489962562093   0 0 0
  98 24    0.13764944849807   0 0 0
  98 48  0.0118762412783565   0 0 0
  99  0                   0 120 1 1
  99  2   0.813569058849491   0 0 0
  99 12   0.771277395120784   0 0 0
  99 24   0.435809413283852   0 0 0
  99 48   0.157313914815556   0 0 0
 100  0                   0 120 1 1
 100  2   0.895538682811826   0 0 0
 100 12   0.727518326548007   0 0 0
 100 24   0.377281194093085   0 0 0
 100 48   0.115338678853848   0 0 0
