   1   0                    0 120 1 1
   1 0.5    0.651736841339336   0 0 0
   1   1    0.960835292393233   0 0 0
   1   2     1.04796303150854   0 0 0
   1   4    0.855119663280286   0 0 0
   1   6    0.768542759686777   0 0 0
   1   8    0.693749646030034   0 0 0
   1  12    0.562002709125533   0 0 0
   1  24    0.382496380298226   0 0 0
   1  48    0.181481324807898   0 0 0
   2   0                    0 120 1 1
   2 0.5    0.561806144738622   0 0 0
   2   1    0.801817793347092   0 0 0
   2   2      1.0358099210717   0 0 0
   2   4     1.15657806193314   0 0 0
   2   6     1.08568888468133   0 0 0
   2   8      1.0188918726603   0 0 0
   2  12    0.856250414655068   0 0 0
   2  24    0.626644949062291   0 0 0
   2  48    0.293805279553614   0 0 0
   3   0                    0 120 1 1
   3 0.5     0.89130020811342   0 0 0
   3   1     1.12487730956943   0 0 0
   3   2     1.08855455140258   0 0 0
   3   4     1.19537574910208   0 0 0
   3   6     1.04392311987215   0 0 0
   3   8     1.08954744039616   0 0 0
   3  12      0.8488175096458   0 0 0
   3  24    0.434868583605146   0 0 0
   3  48    0.146443444033105   0 0 0
   4   0                    0 120 1 1
   4 0.5    0.881025041563648   0 0 0
   4   1     1.20867565178521   0 0 0
   4   2     1.26099052075256   0 0 0
   4   4     1.00267790969611   0 0 0
   4   6    0.894011273648677   0 0 0
   4   8    0.697101019797278   0 0 0
   4  12    0.477894931926557   0 0 0
   4  24    0.117852288732007   0 0 0
   4  48   0.0228595164331248   0 0 0
   5   0                    0 120 1 1
   5 0.5    0.749089751089422   0 0 0
   5   1    0.997084244826341   0 0 0
   5   2     1.06559907245469   0 0 0
   5   4     1.02755598878637   0 0 0
   5   6    0.957215354733835   0 0 0
   5   8    0.891612634040179   0 0 0
   5  12     0.69698961924944   0 0 0
   5  24    0.422329186674611   0 0 0
   5  48    0.101237574190687   0 0 0
   6   0                    0 120 1 1
   6 0.5    0.488097719795408   0 0 0
   6   1    0.783960561904363   0 0 0
   6   2     1.07796850654629   0 0 0
   6   4     1.15735718944626   0 0 0
   6   6     1.06578444332862   0 0 0
   6   8     1.12265580678231   0 0 0
   6  12    0.867256771735399   0 0 0
   6  24    0.333913179046164   0 0 0
   6  48   0.0659146867189122   0 0 0
   7   0                    0 120 1 1
   7 0.5    0.591960831667639   0 0 0
   7   1    0.850001309113042   0 0 0
   7   2    0.876968894788681   0 0 0
   7   4     1.20636741076793   0 0 0
   7   6     1.07614606662867   0 0 0
   7   8     1.05514690973465   0 0 0
   7  12    0.950270711896342   0 0 0
   7  24    0.562941816576479   0 0 0
   7  48    0.210626003490068   0 0 0
   8   0                    0 120 1 1
   8 0.5    0.748651060319596   0 0 0
   8   1     1.06503629741299   0 0 0
   8   2     1.19082450230468   0 0 0
   8   4     1.14547589532238   0 0 0
   8   6    0.971357729820568   0 0 0
   8   8      1.0926171388975   0 0 0
   8  12    0.856121591383059   0 0 0
   8  24    0.498753892240891   0 0 0
   8  48    0.154994964310833   0 0 0
   9   0                    0 120 1 1
   9 0.5    0.425557219150777   0 0 0
   9   1    0.698658650794936   0 0 0
   9   2     0.91511279107343   0 0 0
   9   4    0.933966324778793   0 0 0
   9   6    0.851126556185457   0 0 0
   9   8     0.65906849375461   0 0 0
   9  12    0.445889496021784   0 0 0
   9  24    0.165888378345468   0 0 0
   9  48   0.0190792293501356   0 0 0
  10   0                    0 120 1 1
  10 0.5    0.984924699749252   0 0 0
  10   1     1.27163569692843   0 0 0
  10   2     1.42524100682041   0 0 0
  10   4     1.44417981340416   0 0 0
  10   6     1.36516025460543   0 0 0
  10   8     1.30258478890723   0 0 0
  10  12     1.02160178390362   0 0 0
  10  24    0.475037044491525   0 0 0
  10  48    0.141055606510898   0 0 0
  11   0                    0 120 1 1
  11 0.5    0.673554621293089   0 0 0
  11   1    0.823417379445333   0 0 0
  11   2     1.03578883193346   0 0 0
  11   4     0.98870314654681   0 0 0
  11   6    0.770413028926545   0 0 0
  11   8    0.705218929025994   0 0 0
  11  12    0.454788696727958   0 0 0
  11  24     0.10941944756567   0 0 0
  11  48   0.0430265238984124   0 0 0
  12   0                    0 120 1 1
  12 0.5     1.64136659526239   0 0 0
  12   1      1.8270110160651   0 0 0
  12   2     1.39779096671201   0 0 0
  12   4     1.01547243936509   0 0 0
  12   6    0.839217382401502   0 0 0
  12   8    0.673173256099768   0 0 0
  12  12    0.496940859742347   0 0 0
  12  24    0.222894900412299   0 0 0
  12  48  0.00211161859957713   0 0 0
  13   0                    0 120 1 1
  13 0.5    0.906279614504202   0 0 0
  13   1     1.51226989392991   0 0 0
  13   2     1.52474885149632   0 0 0
  13   4     1.48043869633035   0 0 0
  13   6     1.32764905978462   0 0 0
  13   8     1.11018720526062   0 0 0
  13  12      1.0034530199676   0 0 0
  13  24    0.487327226661301   0 0 0
  13  48    0.110660976511341   0 0 0
  14   0                    0 120 1 1
  14 0.5     1.20793504033804   0 0 0
  14   1     1.30256180091178   0 0 0
  14   2     1.03300386028379   0 0 0
  14   4    0.921239417273071   0 0 0
  14   6    0.806977855846623   0 0 0
  14   8    0.667700295160291   0 0 0
  14  12    0.659453502691869   0 0 0
  14  24    0.329398008450712   0 0 0
  14  48    0.106916609634875   0 0 0
  15   0                    0 120 1 1
  15 0.5    0.675505849894317   0 0 0
  15   1      1.0952466032475   0 0 0
  15   2     1.35873140176054   0 0 0
  15   4     1.26504054386426   0 0 0
  15   6     1.17164733060894   0 0 0
  15   8     1.00949255214049   0 0 0
  15  12    0.910691284211059   0 0 0
  15  24    0.665230302904483   0 0 0
  15  48    0.295956611292848   0 0 0
  16   0                    0 120 1 1
  16 0.5    0.565667130732234   0 0 0
  16   1     0.83707944533477   0 0 0
  16   2     1.06438956244546   0 0 0
  16   4     1.00830137882004   0 0 0
  16   6      1.0204254009851   0 0 0
  16   8     0.94926479899441   0 0 0
  16  12    0.839419293598708   0 0 0
  16  24      0.5012031570533   0 0 0
  16  48    0.186467289800355   0 0 0
  17   0                    0 120 1 1
  17 0.5    0.760784402541553   0 0 0
  17   1     1.01220534672402   0 0 0
  17   2     1.23171653970158   0 0 0
  17   4     1.34405741945239   0 0 0
  17   6     1.19825318012384   0 0 0
  17   8    0.988593927690842   0 0 0
  17  12    0.770908897453295   0 0 0
  17  24    0.404871386218418   0 0 0
  17  48   0.0624589745979667   0 0 0
  18   0                    0 120 1 1
  18 0.5    0.476051539781011   0 0 0
  18   1    0.768359797210128   0 0 0
  18   2    0.933303920375434   0 0 0
  18   4    0.928827950154516   0 0 0
  18   6    0.887037938728648   0 0 0
  18   8    0.868248009728364   0 0 0
  18  12    0.587330306046966   0 0 0
  18  24    0.262797400096703   0 0 0
  18  48    0.018473068379679   0 0 0
  19   0                    0 120 1 1
  19 0.5    0.392975993172669   0 0 0
  19   1    0.571395598336516   0 0 0
  19   2    0.722000405459357   0 0 0
  19   4    0.910084910806733   0 0 0
  19   6     1.03355238851834   0 0 0
  19   8    0.899764026344281   0 0 0
  19  12    0.673060298882121   0 0 0
  19  24    0.239746919232316   0 0 0
  19  48   0.0554505901510998   0 0 0
  20   0                    0 120 1 1
  20 0.5    0.659452846269308   0 0 0
  20   1    0.959158193113216   0 0 0
  20   2     1.07011587070823   0 0 0
  20   4     1.25906488432555   0 0 0
  20   6     1.02324084800328   0 0 0
  20   8    0.816950250294837   0 0 0
  20  12    0.717311370741282   0 0 0
  20  24    0.300397585988288   0 0 0
  20  48    0.107862556424413   0 0 0
  21   0                    0 120 1 1
  21 0.5    0.874829013613765   0 0 0
  21   1     1.10334354045001   0 0 0
  21   2    0.996885916758659   0 0 0
  21   4     1.00915903700081   0 0 0
  21   6    0.875167109917702   0 0 0
  21   8    0.683045371627429   0 0 0
  21  12    0.503385099120035   0 0 0
  21  24    0.250439564478661   0 0 0
  21  48  0.00214380778625062   0 0 0
  22   0                    0 120 1 1
  22 0.5    0.954556929936958   0 0 0
  22   1     1.14264548576794   0 0 0
  22   2     1.18378056705015   0 0 0
  22   4    0.976263318389687   0 0 0
  22   6    0.910719672143533   0 0 0
  22   8    0.914634340054314   0 0 0
  22  12    0.741081572341818   0 0 0
  22  24    0.447172287307625   0 0 0
  22  48    0.173418256001442   0 0 0
  23   0                    0 120 1 1
  23 0.5     1.32991040337529   0 0 0
  23   1     1.59769202738276   0 0 0
  23   2     1.53515683083551   0 0 0
  23   4    0.995919633080389   0 0 0
  23   6    0.941590150751829   0 0 0
  23   8    0.942704845311607   0 0 0
  23  12    0.676846383364863   0 0 0
  23  24    0.445384889324052   0 0 0
  23  48    0.139993252034269   0 0 0
  24   0                    0 120 1 1
  24 0.5    0.475578051598989   0 0 0
  24   1    0.668981295273194   0 0 0
  24   2    0.789323429872163   0 0 0
  24   4    0.645390319087467   0 0 0
  24   6    0.591886352631104   0 0 0
  24   8    0.512693447217165   0 0 0
  24  12    0.399734263357099   0 0 0
  24  24     0.20882497068029   0 0 0
  24  48   0.0161695983642416   0 0 0
  25   0                    0 120 1 1
  25 0.5    0.587370595060862   0 0 0
  25   1    0.759549985046723   0 0 0
  25   2     1.02181943631979   0 0 0
  25   4    0.879962164170747   0 0 0
  25   6    0.853814318882175   0 0 0
  25   8    0.744472516723977   0 0 0
  25  12    0.547294079502781   0 0 0
  25  24    0.308270269827027   0 0 0
  25  48   0.0627928460984349   0 0 0
  26   0                    0 120 1 1
  26 0.5    0.580969444688452   0 0 0
  26   1    0.940973243176987   0 0 0
  26   2    0.993715881316609   0 0 0
  26   4       1.189894349466   0 0 0
  26   6     1.05316312546855   0 0 0
  26   8     1.07563877518932   0 0 0
  26  12    0.852766730228855   0 0 0
  26  24    0.390288658924844   0 0 0
  26  48    0.118225663833177   0 0 0
  27   0                    0 120 1 1
  27 0.5    0.516544960506759   0 0 0
  27   1    0.776543572691407   0 0 0
  27   2    0.901898921701414   0 0 0
  27   4      0.9226645427164   0 0 0
  27   6    0.897572521124134   0 0 0
  27   8    0.765722302740253   0 0 0
  27  12     0.54237818141484   0 0 0
  27  24    0.224551538453241   0 0 0
  27  48   0.0113878639151146   0 0 0
  28   0                    0 120 1 1
  28 0.5     0.78204204487968   0 0 0
  28   1     0.97821356376837   0 0 0
  28   2     1.42313045630246   0 0 0
  28   4     1.31510506954623   0 0 0
  28   6     1.24057133404492   0 0 0
  28   8     1.08751544535032   0 0 0
  28  12    0.918076063464847   0 0 0
  28  24    0.451601797060943   0 0 0
  28  48    0.149524032365821   0 0 0
  29   0                    0 120 1 1
  29 0.5    0.923347117819381   0 0 0
  29   1     1.36773894996202   0 0 0
  29   2     1.46895825435846   0 0 0
  29   4     1.35642125397452   0 0 0
  29   6     1.17625692232171   0 0 0
  29   8     1.06156256116719   0 0 0
  29  12    0.714756682054145   0 0 0
  29  24    0.325903151239927   0 0 0
  29  48    0.061561952662064   0 0 0
  30   0                    0 120 1 1
  30 0.5    0.996698671242265   0 0 0
  30   1     1.06857911461595   0 0 0
  30   2     1.25617764061052   0 0 0
  30   4     1.26822336454172   0 0 0
  30   6     1.15957587619762   0 0 0
  30   8     1.12197978383104   0 0 0
  30  12    0.897755547202659   0 0 0
  30  24    0.545400244105035   0 0 0
  30  48    0.166240013655297   0 0 0
  31   0                    0 120 1 1
  31 0.5    0.709709120255289   0 0 0
  31   1    0.860788793822253   0 0 0
  31   2    0.906027132227044   0 0 0
  31   4    0.761480312062728   0 0 0
  31   6    0.683654802084935   0 0 0
  31   8    0.659832183436359   0 0 0
  31  12    0.635868491197823   0 0 0
  31  24    0.449816620291842   0 0 0
  31  48    0.160479821663637   0 0 0
  32   0                    0 120 1 1
  32 0.5    0.517311699159431   0 0 0
  32   1    0.669640648016097   0 0 0
  32   2    0.800900273793959   0 0 0
  32   4    0.839011259479159   0 0 0
  32   6    0.737510802058669   0 0 0
  32   8    0.683012706790083   0 0 0
  32  12    0.538389872625065   0 0 0
  32  24    0.209145862067294   0 0 0
  32  48   0.0142170185948842   0 0 0
  33   0                    0 120 1 1
  33 0.5    0.925775096757849   0 0 0
  33   1    0.925772229498032   0 0 0
  33   2     1.00318913849125   0 0 0
  33   4    0.772407394865535   0 0 0
  33   6    0.762724856235106   0 0 0
  33   8     0.55824932817439   0 0 0
  33  12    0.368800526398418   0 0 0
  33  24    0.127414610865375   0 0 0
  33  48   0.0211327052611078   0 0 0
  34   0                    0 120 1 1
  34 0.5    0.722160991159772   0 0 0
  34   1     0.85843636925559   0 0 0
  34   2     1.00505266995513   0 0 0
  34   4     1.15050828640817   0 0 0
  34   6     1.12987966870681   0 0 0
  34   8     0.89482026276136   0 0 0
  34  12     0.80245534341748   0 0 0
  34  24    0.371378761300552   0 0 0
  34  48   0.0482962595056316   0 0 0
  35   0                    0 120 1 1
  35 0.5    0.474111508966144   0 0 0
  35   1     0.61925306098821   0 0 0
  35   2     0.78751113314291   0 0 0
  35   4     1.10478046767467   0 0 0
  35   6     1.12996284333865   0 0 0
  35   8    0.958156924047884   0 0 0
  35  12    0.846410350045954   0 0 0
  35  24    0.512198584715077   0 0 0
  35  48    0.170823151082128   0 0 0
  36   0                    0 120 1 1
  36 0.5    0.961423160289387   0 0 0
  36   1     1.22925604692923   0 0 0
  36   2      1.5773870153951   0 0 0
  36   4     1.44861526894946   0 0 0
  36   6     1.47862758074242   0 0 0
  36   8     1.23395457379177   0 0 0
  36  12     0.93232588882852   0 0 0
  36  24    0.488288845107469   0 0 0
  36  48    0.103957845686971   0 0 0
  37   0                    0 120 1 1
  37 0.5    0.592194837308022   0 0 0
  37   1    0.735253969704484   0 0 0
  37   2    0.942757762939889   0 0 0
  37   4     1.09565226418735   0 0 0
  37   6    0.842684192601977   0 0 0
  37   8    0.955324414392704   0 0 0
  37  12    0.754161494568594   0 0 0
  37  24    0.407979392059849   0 0 0
  37  48    0.157464216826117   0 0 0
  38   0                    0 120 1 1
  38 0.5    0.985249339766107   0 0 0
  38   1     1.19426504846416   0 0 0
  38   2      1.2037201280566   0 0 0
  38   4      1.0125809435131   0 0 0
  38   6    0.986833986820944   0 0 0
  38   8    0.850628589915501   0 0 0
  38  12    0.806038066263448   0 0 0
  38  24    0.482374736657519   0 0 0
  38  48     0.14483122536143   0 0 0
  39   0                    0 120 1 1
  39 0.5    0.569804493371079   0 0 0
  39   1    0.893323823883885   0 0 0
  39   2     1.04797152071485   0 0 0
  39   4    0.955098676062088   0 0 0
  39   6     0.83484621252051   0 0 0
  39   8    0.761964861125435   0 0 0
  39  12    0.721584040572172   0 0 0
  39  24    0.399902406578784   0 0 0
  39  48    0.133257920965531   0 0 0
  40   0                    0 120 1 1
  40 0.5    0.535146455033107   0 0 0
  40   1    0.652707724487244   0 0 0
  40   2    0.736623186661247   0 0 0
  40   4     0.71121762250225   0 0 0
  40   6    0.591207193183752   0 0 0
  40   8    0.585388022021378   0 0 0
  40  12    0.502780776872933   0 0 0
  40  24    0.381664825187292   0 0 0
  40  48    0.168194266614795   0 0 0
  41   0                    0 120 1 1
  41 0.5    0.626694321949534   0 0 0
  41   1    0.771488691857486   0 0 0
  41   2    0.928676064169089   0 0 0
  41   4     1.06398814698097   0 0 0
  41   6    0.889701318239504   0 0 0
  41   8    0.816995013672968   0 0 0
  41  12     0.75835459156687   0 0 0
  41  24    0.399926084953569   0 0 0
  41  48    0.122144110145896   0 0 0
  42   0                    0 120 1 1
  42 0.5    0.341058316010254   0 0 0
  42   1    0.483074101326578   0 0 0
  42   2    0.851433926060079   0 0 0
  42   4    0.832974580962624   0 0 0
  42   6     1.02508773008345   0 0 0
  42   8    0.853443598168133   0 0 0
  42  12    0.682642007648453   0 0 0
  42  24    0.376319143911164   0 0 0
  42  48    0.153226461844729   0 0 0
  43   0                    0 120 1 1
  43 0.5    0.626765591867898   0 0 0
  43   1    0.828782618632782   0 0 0
  43   2    0.943929741009039   0 0 0
  43   4    0.911266017022466   0 0 0
  43   6    0.903445129253659   0 0 0
  43   8    0.746751368880876   0 0 0
  43  12    0.635675749024578   0 0 0
  43  24    0.387269277653691   0 0 0
  43  48     0.14316809212563   0 0 0
  44   0                    0 120 1 1
  44 0.5     1.00192566086261   0 0 0
  44   1     1.35011968752952   0 0 0
  44   2     1.12259134561451   0 0 0
  44   4     0.82927127727094   0 0 0
  44   6    0.759933040786126   0 0 0
  44   8     0.64277178754451   0 0 0
  44  12    0.612044997863088   0 0 0
  44  24    0.323243631747472   0 0 0
  44  48     0.10744726298376   0 0 0
  45   0                    0 120 1 1
  45 0.5     1.33346787800164   0 0 0
  45   1     1.40698926003085   0 0 0
  45   2     1.23430025924734   0 0 0
  45   4     1.13130395501588   0 0 0
  45   6     1.20416468606504   0 0 0
  45   8     1.06812774463791   0 0 0
  45  12    0.830323263285965   0 0 0
  45  24     0.58062495268655   0 0 0
  45  48    0.302981711333176   0 0 0
  46   0                    0 120 1 1
  46 0.5     0.48664254676603   0 0 0
  46   1    0.733670843923722   0 0 0
  46   2      1.1058418212717   0 0 0
  46   4     1.20967581199922   0 0 0
  46   6     1.07600863297443   0 0 0
  46   8     1.06245823546351   0 0 0
  46  12    0.810441552247001   0 0 0
  46  24    0.375136443122284   0 0 0
  46  48    0.111903236980487   0 0 0
  47   0                    0 120 1 1
  47 0.5    0.748636852703181   0 0 0
  47   1    0.999513944413232   0 0 0
  47   2      1.2523574391776   0 0 0
  47   4     1.33557828278124   0 0 0
  47   6     1.23849067866632   0 0 0
  47   8     1.06997150960048   0 0 0
  47  12    0.905495734021903   0 0 0
  47  24    0.514034854670431   0 0 0
  47  48    0.184521177909491   0 0 0
  48   0                    0 120 1 1
  48 0.5    0.887815069866149   0 0 0
  48   1     1.16859189963815   0 0 0
  48   2     1.19972308788688   0 0 0
  48   4     1.17016511322249   0 0 0
  48   6     1.13912623153765   0 0 0
  48   8    0.958251057655374   0 0 0
  48  12    0.748725847326285   0 0 0
  48  24    0.290103588934159   0 0 0
  48  48   0.0217338262936103   0 0 0
  49   0                    0 120 1 1
  49 0.5     1.05800183628679   0 0 0
  49   1     1.43192762644442   0 0 0
  49   2     1.61276196311482   0 0 0
  49   4     1.45609948359922   0 0 0
  49   6     1.28952175187853   0 0 0
  49   8     1.29570287609837   0 0 0
  49  12     1.10706727388104   0 0 0
  49  24    0.823887906182774   0 0 0
  49  48    0.348653897604569   0 0 0
  50   0                    0 120 1 1
  50 0.5    0.753628054091917   0 0 0
  50   1     1.03303321275324   0 0 0
  50   2     1.33387245085978   0 0 0
  50   4     1.59050432545524   0 0 0
  50   6     1.49815221790164   0 0 0
  50   8     1.40688706527033   0 0 0
  50  12     1.11594455480533   0 0 0
  50  24    0.722248199789677   0 0 0
  50  48    0.230212343620756   0 0 0
  51   0                    0 120 1 1
  51 0.5    0.897374438696992   0 0 0
  51   1     1.15525927406842   0 0 0
  51   2     1.42055087218934   0 0 0
  51   4     1.50697472639437   0 0 0
  51   6     1.50244682039404   0 0 0
  51   8      1.4269458893924   0 0 0
  51  12     1.17131735869169   0 0 0
  51  24    0.829334414932738   0 0 0
  51  48     0.30903227882912   0 0 0
  52   0                    0 120 1 1
  52 0.5    0.829326245260742   0 0 0
  52   1     1.09810965288447   0 0 0
  52   2     1.42867602465709   0 0 0
  52   4     1.46454583590422   0 0 0
  52   6     1.14388422492194   0 0 0
  52   8     1.11686680887722   0 0 0
  52  12    0.787067682026313   0 0 0
  52  24    0.286608066499234   0 0 0
  52  48   0.0409733848743548   0 0 0
  53   0                    0 120 1 1
  53 0.5    0.627683436984258   0 0 0
  53   1    0.726205444861039   0 0 0
  53   2    0.779686771243549   0 0 0
  53   4    0.795489045690741   0 0 0
  53   6    0.812492444731195   0 0 0
  53   8    0.731626776766537   0 0 0
  53  12    0.680531770194881   0 0 0
  53  24    0.469401368081652   0 0 0
  53  48     0.22154432689766   0 0 0
  54   0                    0 120 1 1
  54 0.5    0.496686411006634   0 0 0
  54   1    0.670338642017373   0 0 0
  54   2    0.821884514781766   0 0 0
  54   4    0.756962060008214   0 0 0
  54   6    0.834947192546421   0 0 0
  54   8    0.796518122952551   0 0 0
  54  12    0.723478546015949   0 0 0
  54  24    0.640095209874738   0 0 0
  54  48    0.442698278935258   0 0 0
  55   0                    0 120 1 1
  55 0.5    0.634527204008258   0 0 0
  55   1    0.942509887285112   0 0 0
  55   2     1.06073949186828   0 0 0
  55   4    0.908595177673418   0 0 0
  55   6    0.916668284104774   0 0 0
  55   8    0.821087119555425   0 0 0
  55  12    0.592578439253083   0 0 0
  55  24    0.252250603009383   0 0 0
  55  48   0.0338744491945224   0 0 0
  56   0                    0 120 1 1
  56 0.5     0.81330771505773   0 0 0
  56   1     1.09108942251256   0 0 0
  56   2     1.08645256804402   0 0 0
  56   4    0.977682308771142   0 0 0
  56   6    0.820184087841727   0 0 0
  56   8    0.734999057007236   0 0 0
  56  12    0.622280252109836   0 0 0
  56  24    0.309947595807308   0 0 0
  56  48   0.0905329194566252   0 0 0
  57   0                    0 120 1 1
  57 0.5    0.706285161187562   0 0 0
  57   1    0.995870101461778   0 0 0
  57   2     1.00152674556462   0 0 0
  57   4    0.890547971435057   0 0 0
  57   6    0.685713700431886   0 0 0
  57   8    0.556677810216555   0 0 0
  57  12    0.427576211176753   0 0 0
  57  24    0.132983494442816   0 0 0
  57  48   0.0178056078632499   0 0 0
  58   0                    0 120 1 1
  58 0.5    0.870441740879968   0 0 0
  58   1     1.38119521027541   0 0 0
  58   2     1.80267183431859   0 0 0
  58   4     1.60015296438486   0 0 0
  58   6     1.58133962467681   0 0 0
  58   8     1.23444443352606   0 0 0
  58  12     1.05373290703391   0 0 0
  58  24    0.558928651653794   0 0 0
  58  48    0.190001728798068   0 0 0
  59   0                    0 120 1 1
  59 0.5     0.95177215325406   0 0 0
  59   1     1.18232538753317   0 0 0
  59   2     1.43906250370834   0 0 0
  59   4     1.05879249470475   0 0 0
  59   6     1.05354425310552   0 0 0
  59   8     1.03978443438439   0 0 0
  59  12    0.830203167228096   0 0 0
  59  24     0.50746747903424   0 0 0
  59  48    0.123793353915331   0 0 0
  60   0                    0 120 1 1
  60 0.5    0.681045197244106   0 0 0
  60   1    0.917705603701517   0 0 0
  60   2     1.12806140334705   0 0 0
  60   4     1.14626304231918   0 0 0
  60   6     1.16752695846929   0 0 0
  60   8    0.966517165033581   0 0 0
  60  12    0.801364284165588   0 0 0
  60  24    0.351101377521914   0 0 0
  60  48    0.087359291014135   0 0 0
  61   0                    0 120 1 1
  61 0.5    0.522999955268896   0 0 0
  61   1     0.77592309872192   0 0 0
  61   2    0.875377301377094   0 0 0
  61   4    0.804869049249587   0 0 0
  61   6    0.678251796466482   0 0 0
  61   8    0.577765424205832   0 0 0
  61  12    0.391911219710139   0 0 0
  61  24    0.149851409435154   0 0 0
  61  48  0.00605032241071194   0 0 0
  62   0                    0 120 1 1
  62 0.5    0.664734951502146   0 0 0
  62   1      0.8450195515865   0 0 0
  62   2      1.0796235772115   0 0 0
  62   4     1.09519709343764   0 0 0
  62   6     1.01139185453274   0 0 0
  62   8    0.871369880876833   0 0 0
  62  12    0.717809142048674   0 0 0
  62  24    0.303301187332856   0 0 0
  62  48   0.0733799893935859   0 0 0
  63   0                    0 120 1 1
  63 0.5    0.767481769662706   0 0 0
  63   1    0.955638759406915   0 0 0
  63   2    0.977347394322494   0 0 0
  63   4     0.93828962871572   0 0 0
  63   6    0.848999351954792   0 0 0
  63   8    0.762122029954195   0 0 0
  63  12    0.648588088196466   0 0 0
  63  24    0.448824040902576   0 0 0
  63  48    0.175854927296841   0 0 0
  64   0                    0 120 1 1
  64 0.5     1.23726567928457   0 0 0
  64   1     1.34762595029077   0 0 0
  64   2     1.72933980329435   0 0 0
  64   4     1.51772565687967   0 0 0
  64   6     1.24751924579503   0 0 0
  64   8     1.11494536984124   0 0 0
  64  12    0.762565661011636   0 0 0
  64  24     0.26905113437292   0 0 0
  64  48   0.0469095049010861   0 0 0
  65   0                    0 120 1 1
  65 0.5    0.652122050939309   0 0 0
  65   1    0.970390688262997   0 0 0
  65   2      1.1622228779892   0 0 0
  65   4     1.25371843918335   0 0 0
  65   6    0.981978161279144   0 0 0
  65   8    0.855924254676309   0 0 0
  65  12    0.787094747629095   0 0 0
  65  24    0.383274457170114   0 0 0
  65  48    0.100594217368865   0 0 0
  66   0                    0 120 1 1
  66 0.5    0.750302346329366   0 0 0
  66   1    0.937189541498131   0 0 0
  66   2     1.17833623824199   0 0 0
  66   4     1.10936569479446   0 0 0
  66   6     1.04149077533544   0 0 0
  66   8    0.915021958666727   0 0 0
  66  12    0.805112345519541   0 0 0
  66  24    0.296432929487986   0 0 0
  66  48   0.0491402807134004   0 0 0
  67   0                    0 120 1 1
  67 0.5     1.27659385722365   0 0 0
  67   1     1.68439077052492   0 0 0
  67   2     1.49754826467875   0 0 0
  67   4     1.42039975033784   0 0 0
  67   6     1.37288390716749   0 0 0
  67   8     1.15725721485496   0 0 0
  67  12    0.917390364407236   0 0 0
  67  24    0.437413985728783   0 0 0
  67  48   0.0854140078241062   0 0 0
  68   0                    0 120 1 1
  68 0.5    0.705720894819764   0 0 0
  68   1    0.806045501306602   0 0 0
  68   2     1.24203915089212   0 0 0
  68   4     1.05535030455335   0 0 0
  68   6      1.1156599395739   0 0 0
  68   8    0.964447455418676   0 0 0
  68  12    0.742963105148195   0 0 0
  68  24    0.545744066915234   0 0 0
  68  48     0.16048607009477   0 0 0
  69   0                    0 120 1 1
  69 0.5    0.568033044265982   0 0 0
  69   1    0.748093039173675   0 0 0
  69   2     1.01227295168092   0 0 0
  69   4     1.06206831862777   0 0 0
  69   6    0.957433625448779   0 0 0
  69   8    0.849150130976574   0 0 0
  69  12    0.582105901125235   0 0 0
  69  24    0.234494027463333   0 0 0
  69  48   0.0239363299916243   0 0 0
  70   0                    0 120 1 1
  70 0.5    0.504378086394087   0 0 0
  70   1    0.743589147295509   0 0 0
  70   2     1.09453718376231   0 0 0
  70   4      1.1891567937087   0 0 0
  70   6     1.18704074156101   0 0 0
  70   8     1.04030650593955   0 0 0
  70  12    0.866051442017422   0 0 0
  70  24    0.436707725507171   0 0 0
  70  48   0.0823903948508441   0 0 0
  71   0                    0 120 1 1
  71 0.5     1.08859620796012   0 0 0
  71   1     1.18168075513469   0 0 0
  71   2     1.35691078826825   0 0 0
  71   4     1.22964229366892   0 0 0
  71   6      1.2979482285655   0 0 0
  71   8     1.10135831094904   0 0 0
  71  12    0.916193480993777   0 0 0
  71  24    0.560040246395705   0 0 0
  71  48    0.196648454281015   0 0 0
  72   0                    0 120 1 1
  72 0.5    0.573531580431729   0 0 0
  72   1    0.881429643107682   0 0 0
  72   2     1.04096927756478   0 0 0
  72   4    0.985778560846646   0 0 0
  72   6    0.935834301097183   0 0 0
  72   8    0.889014223087102   0 0 0
  72  12     0.65942990136497   0 0 0
  72  24    0.290567661674898   0 0 0
  72  48    0.100704117229086   0 0 0
  73   0                    0 120 1 1
  73 0.5    0.848367868207458   0 0 0
  73   1     1.00772494594039   0 0 0
  73   2    0.979109823746708   0 0 0
  73   4    0.850286318148538   0 0 0
  73   6    0.655477122041408   0 0 0
  73   8    0.549949833879864   0 0 0
  73  12    0.482265002878968   0 0 0
  73  24    0.272858542134992   0 0 0
  73  48   0.0987345360693355   0 0 0
  74   0                    0 120 1 1
  74 0.5     1.08430282092649   0 0 0
  74   1     1.35855678017115   0 0 0
  74   2     1.23458425398389   0 0 0
  74   4    0.911733210004159   0 0 0
  74   6    0.804211151388923   0 0 0
  74   8    0.780674061882867   0 0 0
  74  12    0.723005516486464   0 0 0
  74  24    0.406526005747224   0 0 0
  74  48    0.186080330833669   0 0 0
  75   0                    0 120 1 1
  75 0.5    0.624014868840303   0 0 0
  75   1    0.873331915192886   0 0 0
  75   2    0.999016377775701   0 0 0
  75   4    0.854468967454723   0 0 0
  75   6    0.912195051580662   0 0 0
  75   8    0.829810530664732   0 0 0
  75  12     0.65415936811782   0 0 0
  75  24    0.369437755584706   0 0 0
  75  48      0.1470339722605   0 0 0
  76   0                    0 120 1 1
  76 0.5    0.767253043874935   0 0 0
  76   1     1.01320874835455   0 0 0
  76   2     1.08483004469783   0 0 0
  76   4       1.064993791856   0 0 0
  76   6    0.848698092742276   0 0 0
  76   8    0.823610154880009   0 0 0
  76  12    0.718107312203568   0 0 0
  76  24    0.425235360858962   0 0 0
  76  48    0.147501661001402   0 0 0
  77   0                    0 120 1 1
  77 0.5    0.330953606895435   0 0 0
  77   1    0.537408305155322   0 0 0
  77   2    0.758761096042648   0 0 0
  77   4     1.02887094396822   0 0 0
  77   6     1.06882458962375   0 0 0
  77   8    0.939150179384763   0 0 0
  77  12    0.820307690615187   0 0 0
  77  24    0.424681324253182   0 0 0
  77  48    0.108342940156937   0 0 0
  78   0                    0 120 1 1
  78 0.5     0.92326926988888   0 0 0
  78   1     1.11205702930944   0 0 0
  78   2     1.27752954383024   0 0 0
  78   4     1.11182989373358   0 0 0
  78   6    0.840076641202937   0 0 0
  78   8      0.5891815248162   0 0 0
  78  12    0.435101912808111   0 0 0
  78  24    0.154330776771516   0 0 0
  78  48    0.010727832029798   0 0 0
  79   0                    0 120 1 1
  79 0.5    0.714075791211745   0 0 0
  79   1    0.956432643925111   0 0 0
  79   2    0.934368073060615   0 0 0
  79   4    0.878196381306056   0 0 0
  79   6    0.659497721096805   0 0 0
  79   8    0.514263536382512   0 0 0
  79  12    0.356738770040845   0 0 0
  79  24    0.100033633459018   0 0 0
  79  48 0.000326650596639501   0 0 0
  80   0                    0 120 1 1
  80 0.5    0.601661533063638   0 0 0
  80   1    0.846549690370551   0 0 0
  80   2     1.06789789534499   0 0 0
  80   4     1.00234267372588   0 0 0
  80   6      1.0256511005105   0 0 0
  80   8    0.924137753339241   0 0 0
  80  12    0.673464759992923   0 0 0
  80  24    0.339229360668264   0 0 0
  80  48    0.035892685676001   0 0 0
  81   0                    0 120 1 1
  81 0.5    0.781588751289706   0 0 0
  81   1     1.04039886470076   0 0 0
  81   2     1.18571842822015   0 0 0
  81   4     1.14097192138506   0 0 0
  81   6     1.02100778493143   0 0 0
  81   8    0.839674721308117   0 0 0
  81  12    0.738397864847824   0 0 0
  81  24    0.396931941902446   0 0 0
  81  48   0.0759101783136318   0 0 0
  82   0                    0 120 1 1
  82 0.5    0.680516326088081   0 0 0
  82   1    0.927414471282618   0 0 0
  82   2     1.18775980882493   0 0 0
  82   4     1.08913926134433   0 0 0
  82   6    0.856342778148015   0 0 0
  82   8    0.767918273201605   0 0 0
  82  12     0.62199533027173   0 0 0
  82  24    0.212000396640015   0 0 0
  82  48   0.0305816623193571   0 0 0
  83   0                    0 120 1 1
  83 0.5     0.99020782669219   0 0 0
  83   1      1.1521898979183   0 0 0
  83   2     1.15225762904141   0 0 0
  83   4    0.942862959533159   0 0 0
  83   6    0.927651795571699   0 0 0
  83   8    0.791761671455012   0 0 0
  83  12    0.709716640277402   0 0 0
  83  24    0.602780697353713   0 0 0
  83  48    0.314090987407282   0 0 0
  84   0                    0 120 1 1
  84 0.5    0.535023588220727   0 0 0
  84   1    0.748757189621245   0 0 0
  84   2    0.804824116581957   0 0 0
  84   4    0.824365100563034   0 0 0
  84   6    0.767614125337579   0 0 0
  84   8    0.817208127277826   0 0 0
  84  12    0.648482493705343   0 0 0
  84  24    0.386559076537151   0 0 0
  84  48    0.127541849259685   0 0 0
  85   0                    0 120 1 1
  85 0.5    0.863299610424393   0 0 0
  85   1     1.02459670865139   0 0 0
  85   2    0.951610676908911   0 0 0
  85   4     1.06250091245411   0 0 0
  85   6    0.900472849974426   0 0 0
  85   8    0.853506041197096   0 0 0
  85  12    0.671477518598549   0 0 0
  85  24    0.415317553086115   0 0 0
  85  48   0.0850740175162467   0 0 0
  86   0                    0 120 1 1
  86 0.5    0.867742322842849   0 0 0
  86   1     1.06181295704141   0 0 0
  86   2     1.27953523278479   0 0 0
  86   4     1.44103507666448   0 0 0
  86   6     1.42055461900969   0 0 0
  86   8     1.14590756291635   0 0 0
  86  12    0.925552712917407   0 0 0
  86  24    0.418226476633152   0 0 0
  86  48    0.109406330924292   0 0 0
  87   0                    0 120 1 1
  87 0.5    0.684282458300592   0 0 0
  87   1    0.909980224571328   0 0 0
  87   2      1.2610111825597   0 0 0
  87   4     1.34288207768472   0 0 0
  87   6     1.27992275866502   0 0 0
  87   8     1.23276659144686   0 0 0
  87  12     1.05892618256334   0 0 0
  87  24    0.644374883873542   0 0 0
  87  48    0.268371227858248   0 0 0
  88   0                    0 120 1 1
  88 0.5    0.491344658665675   0 0 0
  88   1    0.726329397025316   0 0 0
  88   2    0.989149239192304   0 0 0
  88   4     1.13740160280217   0 0 0
  88   6     1.13036059597428   0 0 0
  88   8     1.11750461707503   0 0 0
  88  12    0.829632342132129   0 0 0
  88  24    0.558170549000707   0 0 0
  88  48    0.225403763416475   0 0 0
  89   0                    0 120 1 1
  89 0.5    0.548340106392485   0 0 0
  89   1    0.671704195350651   0 0 0
  89   2      0.8467913740305   0 0 0
  89   4    0.934372324855849   0 0 0
  89   6    0.834900679792599   0 0 0
  89   8    0.734991053052213   0 0 0
  89  12    0.634700763310031   0 0 0
  89  24    0.322031329014124   0 0 0
  89  48    0.100328889815452   0 0 0
  90   0                    0 120 1 1
  90 0.5     1.14344259971868   0 0 0
  90   1      1.4619898322226   0 0 0
  90   2     1.69972141618028   0 0 0
  90   4     1.47843104402587   0 0 0
  90   6     1.23628422583694   0 0 0
  90   8     1.04172556397784   0 0 0
  90  12    0.762126366941189   0 0 0
  90  24    0.316587315293017   0 0 0
  90  48    0.036137507150488   0 0 0
  91   0                    0 120 1 1
  91 0.5    0.543415089086103   0 0 0
  91   1    0.835725731349218   0 0 0
  91   2     1.01120865736145   0 0 0
  91   4     1.00987446768117   0 0 0
  91   6     0.86025776760731   0 0 0
  91   8    0.655421681471536   0 0 0
  91  12    0.491602928472707   0 0 0
  91  24    0.159613628259031   0 0 0
  91  48   0.0239495413296389   0 0 0
  92   0                    0 120 1 1
  92 0.5      1.1418929620233   0 0 0
  92   1     1.38202817470497   0 0 0
  92   2     1.53744548137146   0 0 0
  92   4     1.43380344733588   0 0 0
  92   6     1.50066266675027   0 0 0
  92   8     1.18015309151996   0 0 0
  92  12    0.901955844643209   0 0 0
  92  24    0.486099448121639   0 0 0
  92  48   0.0620503791689885   0 0 0
  93   0                    0 120 1 1
  93 0.5    0.865902845620128   0 0 0
  93   1     1.14622310699759   0 0 0
  93   2     1.18417046934467   0 0 0
  93   4     1.24584286695304   0 0 0
  93   6     1.05491948096413   0 0 0
  93   8    0.840234239508882   0 0 0
  93  12    0.720185341999097   0 0 0
  93  24    0.274174603983488   0 0 0
  93  48   0.0593398990444735   0 0 0
  94   0                    0 120 1 1
  94 0.5    0.856326535165768   0 0 0
  94   1     1.13715462560497   0 0 0
  94   2     1.30970360495932   0 0 0
  94   4     1.21778639050457   0 0 0
  94   6     1.21464423483021   0 0 0
  94   8    0.957873908474998   0 0 0
  94  12    0.763260627470414   0 0 0
  94  24    0.259239505710669   0 0 0
  94  48    0.031365387220049   0 0 0
  95   0                    0 120 1 1
  95 0.5     0.80075499749992   0 0 0
  95   1     1.04820464804767   0 0 0
  95   2    0.958042237842342   0 0 0
  95   4    0.908650008713582   0 0 0
  95   6    0.914340186835972   0 0 0
  95   8    0.809475380793933   0 0 0
  95  12    0.743552948342269   0 0 0
  95  24    0.496079691627472   0 0 0
  95  48    0.244055307287256   0 0 0
  96   0                    0 120 1 1
  96 0.5     0.78939504265966   0 0 0
  96   1     1.18464410897132   0 0 0
  96   2     1.22279616419238   0 0 0
  96   4      1.1218264094839   0 0 0
  96   6     1.08380440508171   0 0 0
  96   8     1.01878884095069   0 0 0
  96  12    0.682721161664908   0 0 0
  96  24    0.267746294459276   0 0 0
  96  48   0.0855715162765523   0 0 0
  97   0                    0 120 1 1
  97 0.5     0.82633501857117   0 0 0
  97   1     1.06449868662227   0 0 0
  97   2     1.02098951381402   0 0 0
  97   4    0.886319073793206   0 0 0
  97   6     0.82787011309559   0 0 0
  97   8    0.717243820609656   0 0 0
  97  12    0.576746404815613   0 0 0
  97  24    0.307559394196285   0 0 0
  97  48    0.133350201157968   0 0 0
  98   0                    0 120 1 1
  98 0.5    0.811614245795967   0 0 0
  98   1     1.14916208589265   0 0 0
  98   2     1.20433837864324   0 0 0
  98   4     1.09572887371391   0 0 0
  98   6      1.0181347341366   0 0 0
  98   8    0.880671639569441   0 0 0
  98  12    0.632697298020587   0 0 0
  98  24    0.251722620817591   0 0 0
  98  48   0.0703328702811293   0 0 0
  99   0                    0 120 1 1
  99 0.5    0.577620050146359   0 0 0
  99   1    0.846503310168247   0 0 0
  99   2     1.07547333468542   0 0 0
  99   4     1.22950129954799   0 0 0
  99   6     1.04754195746578   0 0 0
  99   8     1.05081768345743   0 0 0
  99  12    0.899807475713872   0 0 0
  99  24    0.464623023631512   0 0 0
  99  48    0.182710843307492   0 0 0
 100   0                    0 120 1 1
 100 0.5    0.513573322906119   0 0 0
 100   1    0.730481776682829   0 0 0
 100   2     0.86703302992222   0 0 0
 100   4    0.879334073383323   0 0 0
 100   6    0.915438555830332   0 0 0
 100   8    0.764373337992374   0 0 0
 100  12    0.652306279509533   0 0 0
 100  24    0.290300273485331   0 0 0
 100  48   0.0831545649449208   0 0 0
