   1   0                   0 120 1 1
   1 0.5   0.649699294876209   0 0 0
   1   1   0.946843193960661   0 0 0
   1   2    1.06863061484424   0 0 0
   1   4   0.844866022871383   0 0 0
   1   6   0.762510530065539   0 0 0
   1   8   0.694062153687794   0 0 0
   1  12   0.571097110930369   0 0 0
   1  24    0.35902838428509   0 0 0
   1  48   0.145876441322231   0 0 0
   2   0                   0 120 1 1
   2 0.5     0.5365379365611   0 0 0
   2   1   0.832237228753415   0 0 0
   2   2     1.0086814188977   0 0 0
   2   4    1.15808333326695   0 0 0
   2   6    1.08268056102129   0 0 0
   2   8    1.04780148466971   0 0 0
   2  12   0.866228863018259   0 0 0
   2  24   0.630445875229097   0 0 0
   2  48    0.32400156819961   0 0 0
   3   0                   0 120 1 1
   3 0.5   0.922406228458652   0 0 0
   3   1    1.15130653741112   0 0 0
   3   2    1.09353045748649   0 0 0
   3   4    1.20100391051249   0 0 0
   3   6    1.04068065357946   0 0 0
   3   8    1.09982334519465   0 0 0
   3  12    0.84057187782588   0 0 0
   3  24   0.456123411355318   0 0 0
   3  48   0.141501899391213   0 0 0
   4   0                   0 120 1 1
   4 0.5   0.899887789273827   0 0 0
   4   1     1.2034931001834   0 0 0
   4   2    1.27811528574218   0 0 0
   4   4    1.02305032766087   0 0 0
   4   6   0.920843568730737   0 0 0
   4   8   0.670878824317344   0 0 0
   4  12   0.474321672354501   0 0 0
   4  24   0.122427161437789   0 0 0
   4  48 0.00783344101544221   0 0 0
   5   0                   0 120 1 1
   5 0.5   0.760860891424544   0 0 0
   5   1   0.955206918277917   0 0 0
   5   2    1.02804878337426   0 0 0
   5   4    1.05446554631287   0 0 0
   5   6    0.94771405306668   0 0 0
   5   8   0.894089406694201   0 0 0
   5  12   0.687377873356763   0 0 0
   5  24   0.391912410803571   0 0 0
   5  48   0.103539860908642   0 0 0
   6   0                   0 120 1 1
   6 0.5   0.519744495088619   0 0 0
   6   1   0.779141965144419   0 0 0
   6   2    1.06949062467078   0 0 0
   6   4    1.17743403889654   0 0 0
   6   6    1.07907981112157   0 0 0
   6   8     1.1185604460898   0 0 0
   6  12   0.873443592484786   0 0 0
   6  24   0.347717388690888   0 0 0
   6  48  0.0685497463855552   0 0 0
   7   0                   0 120 1 1
   7 0.5   0.578245653898928   0 0 0
   7   1   0.847122640718477   0 0 0
   7   2   0.905066660205717   0 0 0
   7   4    1.22966985865855   0 0 0
   7   6    1.10457286667303   0 0 0
   7   8    1.04512805367188   0 0 0
   7  12   0.947143510441653   0 0 0
   7  24    0.55014513800897   0 0 0
   7  48   0.187996683812923   0 0 0
   8   0                   0 120 1 1
   8 0.5   0.717804474577171   0 0 0
   8   1    1.04135106661488   0 0 0
   8   2    1.18128947491948   0 0 0
   8   4    1.11823597952554   0 0 0
   8   6    1.00103688320076   0 0 0
   8   8     1.0894244782316   0 0 0
   8  12   0.875379032451674   0 0 0
   8  24   0.524460458226329   0 0 0
   8  48    0.18652795131116   0 0 0
   9   0                   0 120 1 1
   9 0.5   0.441805326351997   0 0 0
   9   1   0.668018005356014   0 0 0
   9   2    0.89101619343921   0 0 0
   9   4   0.918945557061348   0 0 0
   9   6   0.844033656736239   0 0 0
   9   8   0.676560338409327   0 0 0
   9  12   0.435630042972917   0 0 0
   9  24   0.135139347331301   0 0 0
   9  48  0.0113447729405244   0 0 0
  10   0                   0 120 1 1
  10 0.5   0.984233293712982   0 0 0
  10   1    1.28849022199414   0 0 0
  10   2     1.4273325359796   0 0 0
  10   4    1.44224027651002   0 0 0
  10   6    1.35600693136088   0 0 0
  10   8    1.30320126440556   0 0 0
  10  12   0.997151796570966   0 0 0
  10  24   0.481971908203686   0 0 0
  10  48   0.141519361001358   0 0 0
  11   0                   0 120 1 1
  11 0.5   0.635171413577321   0 0 0
  11   1   0.834377917233697   0 0 0
  11   2    1.02837303913377   0 0 0
  11   4     1.0066549465109   0 0 0
  11   6   0.805696245060849   0 0 0
  11   8   0.722950009123164   0 0 0
  11  12    0.46238856616508   0 0 0
  11  24   0.125621913923679   0 0 0
  11  48 0.00953941605510141   0 0 0
  12   0                   0 120 1 1
  12 0.5    1.67914313628697   0 0 0
  12   1    1.86245980381799   0 0 0
  12   2    1.39628602346611   0 0 0
  12   4    1.03369342294997   0 0 0
  12   6   0.842900141036974   0 0 0
  12   8   0.704233905286072   0 0 0
  12  12   0.521807168654105   0 0 0
  12  24   0.200973436740909   0 0 0
  12  48  0.0380014493314061   0 0 0
  13   0                   0 120 1 1
  13 0.5   0.926840950825599   0 0 0
  13   1    1.47879283231347   0 0 0
  13   2    1.47549981971514   0 0 0
  13   4    1.51578333684886   0 0 0
  13   6    1.32484378992224   0 0 0
  13   8     1.1313968423648   0 0 0
  13  12   0.993913641226566   0 0 0
  13  24   0.493338747129084   0 0 0
  13  48   0.120973245644075   0 0 0
  14   0                   0 120 1 1
  14 0.5    1.19745647522872   0 0 0
  14   1    1.33087012472044   0 0 0
  14   2    1.04198398930367   0 0 0
  14   4   0.907159996443564   0 0 0
  14   6    0.81108742066975   0 0 0
  14   8   0.667933607325875   0 0 0
  14  12   0.652976056876396   0 0 0
  14  24   0.328985762590246   0 0 0
  14  48   0.104649541978979   0 0 0
  15   0                   0 120 1 1
  15 0.5   0.710325408715262   0 0 0
  15   1    1.10528588061646   0 0 0
  15   2    1.30066939654659   0 0 0
  15   4    1.26445668268173   0 0 0
  15   6    1.17658087404537   0 0 0
  15   8    1.06675529843734   0 0 0
  15  12   0.889587176956947   0 0 0
  15  24   0.633115217288083   0 0 0
  15  48   0.306244267441121   0 0 0
  16   0                   0 120 1 1
  16 0.5   0.568364384508522   0 0 0
  16   1   0.819875167140591   0 0 0
  16   2    1.02110282477969   0 0 0
  16   4    1.01697057755723   0 0 0
  16   6    1.01865121890143   0 0 0
  16   8   0.955013854101059   0 0 0
  16  12   0.823429776835347   0 0 0
  16  24   0.495615736387832   0 0 0
  16  48   0.195608630203063   0 0 0
  17   0                   0 120 1 1
  17 0.5    0.76976319682973   0 0 0
  17   1    1.01430639611373   0 0 0
  17   2    1.23346363121785   0 0 0
  17   4    1.32993989092081   0 0 0
  17   6    1.21333555039867   0 0 0
  17   8   0.988651254142541   0 0 0
  17  12   0.798101095373815   0 0 0
  17  24    0.40284508116318   0 0 0
  17  48  0.0823561733357559   0 0 0
  18   0                   0 120 1 1
  18 0.5   0.478896523207157   0 0 0
  18   1   0.788877530229825   0 0 0
  18   2   0.898537574720765   0 0 0
  18   4   0.945225938964509   0 0 0
  18   6    0.87660127042061   0 0 0
  18   8   0.842166021737339   0 0 0
  18  12   0.582501355358885   0 0 0
  18  24   0.235121608245933   0 0 0
  18  48  0.0392484307480526   0 0 0
  19   0                   0 120 1 1
  19 0.5   0.365535319456509   0 0 0
  19   1   0.570239652975862   0 0 0
  19   2   0.710814923871801   0 0 0
  19   4   0.906143419108884   0 0 0
  19   6    1.01938836742179   0 0 0
  19   8   0.920823278488537   0 0 0
  19  12   0.675532699944616   0 0 0
  19  24   0.261723040233266   0 0 0
  19  48  0.0338424115853125   0 0 0
  20   0                   0 120 1 1
  20 0.5   0.696042400709292   0 0 0
  20   1   0.961876605758387   0 0 0
  20   2    1.06409814347612   0 0 0
  20   4    1.21545313270653   0 0 0
  20   6   0.999936537524726   0 0 0
  20   8   0.827040075497944   0 0 0
  20  12   0.719816534114375   0 0 0
  20  24   0.316828760742576   0 0 0
  20  48  0.0637006854851404   0 0 0
  21   0                   0 120 1 1
  21 0.5    0.87755174226517   0 0 0
  21   1    1.08121365761754   0 0 0
  21   2    1.02543987249554   0 0 0
  21   4   0.994157546081785   0 0 0
  21   6   0.867584294549062   0 0 0
  21   8   0.708434224456925   0 0 0
  21  12   0.480258391424926   0 0 0
  21  24   0.218712084133509   0 0 0
  21  48  0.0355951494527134   0 0 0
  22   0                   0 120 1 1
  22 0.5   0.932636698042122   0 0 0
  22   1    1.17056252884359   0 0 0
  22   2    1.16759555351694   0 0 0
  22   4   0.997941254169132   0 0 0
  22   6   0.937272824229213   0 0 0
  22   8   0.915606608915573   0 0 0
  22  12   0.757421841659509   0 0 0
  22  24   0.447398954434818   0 0 0
  22  48   0.164405928002024   0 0 0
  23   0                   0 120 1 1
  23 0.5    1.34752847737969   0 0 0
  23   1    1.59366813662448   0 0 0
  23   2    1.53733459003788   0 0 0
  23   4    1.00426222404746   0 0 0
  23   6   0.941984070926614   0 0 0
  23   8   0.927374949774839   0 0 0
  23  12   0.659673627364534   0 0 0
  23  24   0.428571279731532   0 0 0
  23  48   0.161342162761659   0 0 0
  24   0                   0 120 1 1
  24 0.5   0.450136399707626   0 0 0
  24   1    0.66482765205717   0 0 0
  24   2   0.794523376075086   0 0 0
  24   4   0.631398325317665   0 0 0
  24   6   0.576077137782203   0 0 0
  24   8   0.522346472309991   0 0 0
  24  12     0.4160228229886   0 0 0
  24  24   0.209267287178074   0 0 0
  24  48  0.0574305793465487   0 0 0
  25   0                   0 120 1 1
  25 0.5   0.580321109429758   0 0 0
  25   1   0.796969513984381   0 0 0
  25   2   0.982706025836071   0 0 0
  25   4   0.894698806945264   0 0 0
  25   6   0.833689496378217   0 0 0
  25   8   0.757726475278372   0 0 0
  25  12   0.553060044948595   0 0 0
  25  24   0.321277343530625   0 0 0
  25  48  0.0785692808133959   0 0 0
  26   0                   0 120 1 1
  26 0.5   0.589664637183898   0 0 0
  26   1   0.960350521316207   0 0 0
  26   2    1.01113065904062   0 0 0
  26   4    1.19415949043576   0 0 0
  26   6    1.07907639845235   0 0 0
  26   8    1.07167047722421   0 0 0
  26  12    0.85200887988901   0 0 0
  26  24   0.423796204245735   0 0 0
  26  48    0.11691254092362   0 0 0
  27   0                   0 120 1 1
  27 0.5   0.515101305561051   0 0 0
  27   1   0.781319759159017   0 0 0
  27   2   0.892327094462526   0 0 0
  27   4   0.910995465514174   0 0 0
  27   6   0.903128549634234   0 0 0
  27   8   0.767263142212678   0 0 0
  27  12   0.552544821504562   0 0 0
  27  24   0.215863782579578   0 0 0
  27  48  0.0360567430595009   0 0 0
  28   0                   0 120 1 1
  28 0.5   0.759723129458881   0 0 0
  28   1     1.0115731734216   0 0 0
  28   2    1.40709700808018   0 0 0
  28   4    1.29624823273885   0 0 0
  28   6    1.22988511988024   0 0 0
  28   8    1.08033049331543   0 0 0
  28  12   0.923853227260184   0 0 0
  28  24   0.433197680865917   0 0 0
  28  48   0.105309428694249   0 0 0
  29   0                   0 120 1 1
  29 0.5   0.940880545315956   0 0 0
  29   1    1.34461518538211   0 0 0
  29   2    1.46592756434567   0 0 0
  29   4    1.32397239379541   0 0 0
  29   6    1.19289170641892   0 0 0
  29   8    1.06418416477596   0 0 0
  29  12   0.712048327992013   0 0 0
  29  24   0.325495708278415   0 0 0
  29  48   0.053540821923669   0 0 0
  30   0                   0 120 1 1
  30 0.5   0.995456465915549   0 0 0
  30   1    1.07502346938079   0 0 0
  30   2    1.27011509780767   0 0 0
  30   4    1.27645054643563   0 0 0
  30   6    1.15862205132814   0 0 0
  30   8    1.12666740554608   0 0 0
  30  12    0.91152372567889   0 0 0
  30  24   0.496842804067746   0 0 0
  30  48   0.150468225878541   0 0 0
  31   0                   0 120 1 1
  31 0.5   0.709850665110451   0 0 0
  31   1   0.882621117968231   0 0 0
  31   2   0.893252296467852   0 0 0
  31   4   0.763407958116805   0 0 0
  31   6   0.697921552926586   0 0 0
  31   8   0.667322942589105   0 0 0
  31  12   0.647364012858833   0 0 0
  31  24   0.411790070621017   0 0 0
  31  48   0.184292630011215   0 0 0
  32   0                   0 120 1 1
  32 0.5   0.502961748369681   0 0 0
  32   1   0.665715955620172   0 0 0
  32   2   0.826331623021752   0 0 0
  32   4   0.857319203303786   0 0 0
  32   6    0.72039935559936   0 0 0
  32   8   0.649010088277183   0 0 0
  32  12   0.524463705637139   0 0 0
  32  24   0.238097543502982   0 0 0
  32  48   0.039007141231441   0 0 0
  33   0                   0 120 1 1
  33 0.5   0.918667039208751   0 0 0
  33   1    0.93231826625472   0 0 0
  33   2   0.992387840790834   0 0 0
  33   4   0.798598166190567   0 0 0
  33   6    0.74247101232318   0 0 0
  33   8   0.596570733249612   0 0 0
  33  12   0.407038923497104   0 0 0
  33  24   0.132853330743548   0 0 0
  33  48   0.016080707006424   0 0 0
  34   0                   0 120 1 1
  34 0.5    0.69143409900411   0 0 0
  34   1   0.861209614412089   0 0 0
  34   2    1.01636900173811   0 0 0
  34   4    1.14323119045339   0 0 0
  34   6    1.10654742986194   0 0 0
  34   8   0.913136450949207   0 0 0
  34  12   0.810751329001775   0 0 0
  34  24   0.371040995385298   0 0 0
  34  48  0.0731005775920738   0 0 0
  35   0                   0 120 1 1
  35 0.5   0.501502486701356   0 0 0
  35   1   0.636864218511659   0 0 0
  35   2   0.821801232758134   0 0 0
  35   4    1.09986445721856   0 0 0
  35   6    1.11209646505352   0 0 0
  35   8   0.964939462913288   0 0 0
  35  12   0.839470865541396   0 0 0
  35  24   0.507622273229844   0 0 0
  35  48   0.171296297471909   0 0 0
  36   0                   0 120 1 1
  36 0.5    0.99234680586757   0 0 0
  36   1    1.27206033830909   0 0 0
  36   2    1.57562107978671   0 0 0
  36   4    1.44552277274369   0 0 0
  36   6    1.46401103457574   0 0 0
  36   8    1.25885113702252   0 0 0
  36  12     0.9351791780928   0 0 0
  36  24   0.505510002487941   0 0 0
  36  48   0.124590413204982   0 0 0
  37   0                   0 120 1 1
  37 0.5   0.536995220216074   0 0 0
  37   1   0.729304702577572   0 0 0
  37   2    0.96810960750281   0 0 0
  37   4    1.07925797274168   0 0 0
  37   6     0.8643455732143   0 0 0
  37   8   0.944153011518375   0 0 0
  37  12   0.755808141622094   0 0 0
  37  24   0.431503084989219   0 0 0
  37  48   0.152666120358888   0 0 0
  38   0                   0 120 1 1
  38 0.5   0.952189485232522   0 0 0
  38   1     1.2025330347494   0 0 0
  38   2    1.19660082059821   0 0 0
  38   4   0.981754570061693   0 0 0
  38   6   0.978155107208721   0 0 0
  38   8   0.852750535334539   0 0 0
  38  12   0.792000780478288   0 0 0
  38  24   0.456533547390708   0 0 0
  38  48   0.155656205354402   0 0 0
  39   0                   0 120 1 1
  39 0.5   0.573382554160281   0 0 0
  39   1    0.90249540812581   0 0 0
  39   2     1.0564165746164   0 0 0
  39   4   0.923997359389235   0 0 0
  39   6   0.837989286239932   0 0 0
  39   8    0.78978228127387   0 0 0
  39  12   0.714359906639469   0 0 0
  39  24   0.397996847534591   0 0 0
  39  48   0.147335810895843   0 0 0
  40   0                   0 120 1 1
  40 0.5    0.51574252129036   0 0 0
  40   1   0.628094839349297   0 0 0
  40   2   0.720757946620665   0 0 0
  40   4   0.681739015656006   0 0 0
  40   6   0.590496715566594   0 0 0
  40   8   0.594706792853592   0 0 0
  40  12   0.480960674764845   0 0 0
  40  24   0.394147670148851   0 0 0
  40  48   0.177622534987278   0 0 0
  41   0                   0 120 1 1
  41 0.5   0.612605958420957   0 0 0
  41   1   0.779216544308156   0 0 0
  41   2   0.930689095733729   0 0 0
  41   4    1.03475952971773   0 0 0
  41   6   0.896800621977407   0 0 0
  41   8   0.824430400828211   0 0 0
  41  12   0.735607531827664   0 0 0
  41  24   0.383163204226903   0 0 0
  41  48   0.113629534493035   0 0 0
  42   0                   0 120 1 1
  42 0.5   0.351480141651195   0 0 0
  42   1   0.539646140019842   0 0 0
  42   2   0.845652508547607   0 0 0
  42   4     0.8278115284368   0 0 0
  42   6   0.984313003409688   0 0 0
  42   8   0.845927517877037   0 0 0
  42  12   0.711283064630254   0 0 0
  42  24   0.394194244859211   0 0 0
  42  48   0.122431428715287   0 0 0
  43   0                   0 120 1 1
  43 0.5   0.596849346525457   0 0 0
  43   1   0.876120554776321   0 0 0
  43   2   0.956376992413418   0 0 0
  43   4   0.920043857579398   0 0 0
  43   6   0.861420702150468   0 0 0
  43   8   0.736946673333368   0 0 0
  43  12   0.649232576160036   0 0 0
  43  24   0.373806530291076   0 0 0
  43  48   0.146102705014776   0 0 0
  44   0                   0 120 1 1
  44 0.5    1.02305395881214   0 0 0
  44   1      1.333801306298   0 0 0
  44   2    1.11004390134951   0 0 0
  44   4   0.834705648612529   0 0 0
  44   6   0.725960687383532   0 0 0
  44   8   0.645514368120948   0 0 0
  44  12   0.610679336703666   0 0 0
  44  24   0.319570797150352   0 0 0
  44  48  0.0985259717441863   0 0 0
  45   0                   0 120 1 1
  45 0.5    1.33154643371058   0 0 0
  45   1    1.47431091866183   0 0 0
  45   2    1.27479914504725   0 0 0
  45   4    1.13779599227834   0 0 0
  45   6      1.201262154096   0 0 0
  45   8    1.04182543042542   0 0 0
  45  12    0.83491004858321   0 0 0
  45  24   0.560048956213091   0 0 0
  45  48   0.300803786549755   0 0 0
  46   0                   0 120 1 1
  46 0.5   0.490637635131398   0 0 0
  46   1   0.729425917823066   0 0 0
  46   2    1.06524274738363   0 0 0
  46   4    1.18539176362236   0 0 0
  46   6     1.1129710147998   0 0 0
  46   8    1.05417205607831   0 0 0
  46  12   0.840240334640752   0 0 0
  46  24   0.371278850794333   0 0 0
  46  48  0.0873579088329573   0 0 0
  47   0                   0 120 1 1
  47 0.5   0.763585914833401   0 0 0
  47   1    1.02720699499663   0 0 0
  47   2    1.26412178154658   0 0 0
  47   4     1.3200232498812   0 0 0
  47   6    1.23251611439002   0 0 0
  47   8    1.03634201531043   0 0 0
  47  12    0.91249309441859   0 0 0
  47  24   0.551991603513621   0 0 0
  47  48   0.196074410020788   0 0 0
  48   0                   0 120 1 1
  48 0.5   0.892174995057522   0 0 0
  48   1    1.14911431568803   0 0 0
  48   2    1.19390699168256   0 0 0
  48   4    1.16653464731993   0 0 0
  48   6    1.14316953207669   0 0 0
  48   8   0.983552199743216   0 0 0
  48  12    0.74733698814356   0 0 0
  48  24   0.261587316435302   0 0 0
  48  48  0.0370285063707006   0 0 0
  49   0                   0 120 1 1
  49 0.5    1.06735263784311   0 0 0
  49   1    1.43888429784338   0 0 0
  49   2    1.59422899833191   0 0 0
  49   4    1.45734216143284   0 0 0
  49   6    1.24423652220925   0 0 0
  49   8    1.26935291213262   0 0 0
  49  12    1.10153186653154   0 0 0
  49  24   0.793711458272474   0 0 0
  49  48   0.342799475494321   0 0 0
  50   0                   0 120 1 1
  50 0.5   0.804042068584457   0 0 0
  50   1    1.07169781696117   0 0 0
  50   2    1.34854265800057   0 0 0
  50   4    1.64379873789416   0 0 0
  50   6    1.48809494373953   0 0 0
  50   8    1.44796537389948   0 0 0
  50  12    1.15699283199655   0 0 0
  50  24   0.694419213086346   0 0 0
  50  48   0.242371796605779   0 0 0
  51   0                   0 120 1 1
  51 0.5   0.872176850783216   0 0 0
  51   1    1.14886543198181   0 0 0
  51   2    1.46130650247851   0 0 0
  51   4    1.52746155833172   0 0 0
  51   6     1.5156422734559   0 0 0
  51   8    1.41961358836196   0 0 0
  51  12    1.20680231876095   0 0 0
  51  24   0.811438889566499   0 0 0
  51  48   0.313661306506347   0 0 0
  52   0                   0 120 1 1
  52 0.5   0.832324886796302   0 0 0
  52   1    1.12122781784814   0 0 0
  52   2      1.405391017581   0 0 0
  52   4    1.47481062679196   0 0 0
  52   6    1.17405413151361   0 0 0
  52   8    1.11408670231697   0 0 0
  52  12   0.780477025871947   0 0 0
  52  24   0.289306457679477   0 0 0
  52  48  0.0466409748531797   0 0 0
  53   0                   0 120 1 1
  53 0.5   0.618490228151242   0 0 0
  53   1   0.714611980632042   0 0 0
  53   2   0.796900007122032   0 0 0
  53   4   0.791782083002177   0 0 0
  53   6   0.801514213637776   0 0 0
  53   8   0.720715687870197   0 0 0
  53  12    0.67415725007171   0 0 0
  53  24   0.471548195314283   0 0 0
  53  48   0.216756952208953   0 0 0
  54   0                   0 120 1 1
  54 0.5   0.482565595062376   0 0 0
  54   1   0.736192406807261   0 0 0
  54   2   0.786494810418233   0 0 0
  54   4   0.761941462012852   0 0 0
  54   6   0.828541236174073   0 0 0
  54   8   0.757024867296411   0 0 0
  54  12   0.725025838712459   0 0 0
  54  24   0.615072898439787   0 0 0
  54  48   0.409907296391256   0 0 0
  55   0                   0 120 1 1
  55 0.5   0.647754406827687   0 0 0
  55   1   0.930654249034488   0 0 0
  55   2    1.06802935573593   0 0 0
  55   4    0.89948836892357   0 0 0
  55   6   0.952720866316038   0 0 0
  55   8   0.848363335544012   0 0 0
  55  12   0.607105009024824   0 0 0
  55  24   0.272429116538233   0 0 0
  55  48  0.0600239930695114   0 0 0
  56   0                   0 120 1 1
  56 0.5   0.806153820126912   0 0 0
  56   1    1.10090282277764   0 0 0
  56   2    1.07446862932474   0 0 0
  56   4   0.948990955774945   0 0 0
  56   6   0.829931396176213   0 0 0
  56   8   0.727791946153873   0 0 0
  56  12   0.599312439757822   0 0 0
  56  24   0.314510608756762   0 0 0
  56  48   0.086105950894803   0 0 0
  57   0                   0 120 1 1
  57 0.5   0.730520001126766   0 0 0
  57   1    1.00818728960986   0 0 0
  57   2     1.0180200550046   0 0 0
  57   4   0.894439103732719   0 0 0
  57   6   0.701954363198332   0 0 0
  57   8   0.580787395828701   0 0 0
  57  12   0.409805413162975   0 0 0
  57  24   0.122888788925407   0 0 0
  57  48   0.011412979235093   0 0 0
  58   0                   0 120 1 1
  58 0.5   0.908241333025479   0 0 0
  58   1    1.38491080736766   0 0 0
  58   2    1.77604347840216   0 0 0
  58   4    1.60687383116761   0 0 0
  58   6     1.5675277106854   0 0 0
  58   8    1.23792795150515   0 0 0
  58  12    1.05865058400931   0 0 0
  58  24   0.588654698798915   0 0 0
  58  48   0.169994658523192   0 0 0
  59   0                   0 120 1 1
  59 0.5   0.915588474308218   0 0 0
  59   1    1.17921888190111   0 0 0
  59   2    1.40635883852777   0 0 0
  59   4    1.05045248914135   0 0 0
  59   6    1.06221769559832   0 0 0
  59   8    1.04214099324009   0 0 0
  59  12   0.814772015602387   0 0 0
  59  24   0.502900385745217   0 0 0
  59  48   0.144875712686471   0 0 0
  60   0                   0 120 1 1
  60 0.5   0.668543473530646   0 0 0
  60   1   0.920672076996815   0 0 0
  60   2    1.13820437463665   0 0 0
  60   4    1.13919936800754   0 0 0
  60   6     1.1727148990382   0 0 0
  60   8   0.941546681257525   0 0 0
  60  12   0.780628914485344   0 0 0
  60  24   0.344922506853076   0 0 0
  60  48  0.0735171567439014   0 0 0
  61   0                   0 120 1 1
  61 0.5   0.526147876206663   0 0 0
  61   1   0.775908405361635   0 0 0
  61   2    0.88362188457207   0 0 0
  61   4   0.778944656807641   0 0 0
  61   6   0.692679090841278   0 0 0
  61   8    0.57233257276228   0 0 0
  61  12   0.379913764034438   0 0 0
  61  24   0.150099072283653   0 0 0
  61  48   0.022789226985793   0 0 0
  62   0                   0 120 1 1
  62 0.5   0.657964698326444   0 0 0
  62   1   0.847010398306854   0 0 0
  62   2    1.05897582132522   0 0 0
  62   4    1.10664388101092   0 0 0
  62   6    1.02689371697476   0 0 0
  62   8   0.877386014617105   0 0 0
  62  12   0.719356856242429   0 0 0
  62  24   0.316495781446495   0 0 0
  62  48  0.0657427647522027   0 0 0
  63   0                   0 120 1 1
  63 0.5    0.76631239179177   0 0 0
  63   1   0.967464185803864   0 0 0
  63   2   0.960995739681874   0 0 0
  63   4   0.960004465728672   0 0 0
  63   6   0.878248483670237   0 0 0
  63   8   0.790282174037866   0 0 0
  63  12   0.654347055085858   0 0 0
  63  24   0.456573445939249   0 0 0
  63  48   0.169237827281953   0 0 0
  64   0                   0 120 1 1
  64 0.5    1.21874648892823   0 0 0
  64   1    1.32873387887854   0 0 0
  64   2    1.70367272101857   0 0 0
  64   4    1.51967188942942   0 0 0
  64   6    1.21815153119564   0 0 0
  64   8    1.13159214189462   0 0 0
  64  12   0.755474799581521   0 0 0
  64  24   0.280654878283969   0 0 0
  64  48  0.0376653668422648   0 0 0
  65   0                   0 120 1 1
  65 0.5   0.656182105016446   0 0 0
  65   1   0.966473470213635   0 0 0
  65   2    1.16728501965015   0 0 0
  65   4    1.26768874171935   0 0 0
  65   6   0.969562286257765   0 0 0
  65   8   0.876192613153798   0 0 0
  65  12   0.790547621774126   0 0 0
  65  24   0.383255484878843   0 0 0
  65  48  0.0987383090414622   0 0 0
  66   0                   0 120 1 1
  66 0.5   0.756721405891296   0 0 0
  66   1   0.919970630505827   0 0 0
  66   2    1.21149555629637   0 0 0
  66   4    1.14904529040009   0 0 0
  66   6    1.08219161963892   0 0 0
  66   8   0.923789715457277   0 0 0
  66  12   0.793758974353792   0 0 0
  66  24   0.307137179885749   0 0 0
  66  48  0.0487181139919595   0 0 0
  67   0                   0 120 1 1
  67 0.5    1.28244854151003   0 0 0
  67   1    1.68641536359817   0 0 0
  67   2    1.48926268923067   0 0 0
  67   4    1.42128956447962   0 0 0
  67   6    1.36421185835516   0 0 0
  67   8     1.1629965843497   0 0 0
  67  12   0.921167737246016   0 0 0
  67  24   0.402927740361068   0 0 0
  67  48  0.0883388672764567   0 0 0
  68   0                   0 120 1 1
  68 0.5   0.676347878664411   0 0 0
  68   1   0.871161583851728   0 0 0
  68   2     1.2598186095218   0 0 0
  68   4    1.07528301454594   0 0 0
  68   6    1.08709869201215   0 0 0
  68   8   0.963818131358028   0 0 0
  68  12   0.739783041954682   0 0 0
  68  24   0.549451633280771   0 0 0
  68  48    0.16425025446837   0 0 0
  69   0                   0 120 1 1
  69 0.5   0.537862518617133   0 0 0
  69   1   0.773956614387772   0 0 0
  69   2    1.02766493859697   0 0 0
  69   4    1.09912513506227   0 0 0
  69   6   0.948512566955628   0 0 0
  69   8   0.831134275491372   0 0 0
  69  12   0.566627150693146   0 0 0
  69  24   0.221775394578466   0 0 0
  69  48  0.0250117430106858   0 0 0
  70   0                   0 120 1 1
  70 0.5   0.483342713819107   0 0 0
  70   1   0.755583361399496   0 0 0
  70   2     1.0861099222828   0 0 0
  70   4    1.20988130116951   0 0 0
  70   6    1.20390338932448   0 0 0
  70   8    1.05110929149306   0 0 0
  70  12   0.863045481930506   0 0 0
  70  24   0.390669082050481   0 0 0
  70  48  0.0867034851524208   0 0 0
  71   0                   0 120 1 1
  71 0.5      1.081440956375   0 0 0
  71   1    1.18601219005862   0 0 0
  71   2    1.35658936662337   0 0 0
  71   4     1.2293959774739   0 0 0
  71   6    1.27976189146643   0 0 0
  71   8    1.09708687158667   0 0 0
  71  12   0.901227631230905   0 0 0
  71  24   0.569983639581191   0 0 0
  71  48   0.204274898062125   0 0 0
  72   0                   0 120 1 1
  72 0.5   0.598436779497927   0 0 0
  72   1   0.886980661806878   0 0 0
  72   2    1.06029488136951   0 0 0
  72   4    0.98244979026249   0 0 0
  72   6   0.916120533786536   0 0 0
  72   8   0.870502267717143   0 0 0
  72  12   0.647746128170286   0 0 0
  72  24   0.310309350979948   0 0 0
  72  48  0.0688177759069964   0 0 0
  73   0                   0 120 1 1
  73 0.5   0.870328387825448   0 0 0
  73   1   0.975957559646384   0 0 0
  73   2   0.969095381929327   0 0 0
  73   4   0.851668492508804   0 0 0
  73   6   0.675101456460024   0 0 0
  73   8   0.565088086574129   0 0 0
  73  12   0.510081850799665   0 0 0
  73  24   0.254819980771828   0 0 0
  73  48  0.0682446774163589   0 0 0
  74   0                   0 120 1 1
  74 0.5    1.07483612947728   0 0 0
  74   1    1.37911693418923   0 0 0
  74   2    1.18955668305359   0 0 0
  74   4    0.95313738646639   0 0 0
  74   6   0.793377994204342   0 0 0
  74   8   0.787594549721522   0 0 0
  74  12   0.675959701150176   0 0 0
  74  24   0.426627111098066   0 0 0
  74  48    0.18756621665889   0 0 0
  75   0                   0 120 1 1
  75 0.5   0.582054203936118   0 0 0
  75   1   0.832294528065121   0 0 0
  75   2   0.968435197041489   0 0 0
  75   4   0.869627428776425   0 0 0
  75   6   0.943604094715577   0 0 0
  75   8   0.836818574061326   0 0 0
  75  12   0.707795906500867   0 0 0
  75  24   0.403623386689496   0 0 0
  75  48   0.156300143699818   0 0 0
  76   0                   0 120 1 1
  76 0.5   0.757995994938477   0 0 0
  76   1    1.00793664428132   0 0 0
  76   2     1.0748543756724   0 0 0
  76   4    1.05492322868954   0 0 0
  76   6   0.873162916216229   0 0 0
  76   8   0.827015160890078   0 0 0
  76  12   0.739009364179754   0 0 0
  76  24   0.411031383617932   0 0 0
  76  48   0.147857338999465   0 0 0
  77   0                   0 120 1 1
  77 0.5   0.344875064983831   0 0 0
  77   1   0.543740640746262   0 0 0
  77   2   0.772883602787317   0 0 0
  77   4    1.02692555092365   0 0 0
  77   6    1.02670426411705   0 0 0
  77   8   0.935311425601331   0 0 0
  77  12   0.801225498621999   0 0 0
  77  24   0.439899906983621   0 0 0
  77  48   0.113732474520986   0 0 0
  78   0                   0 120 1 1
  78 0.5   0.921894120373976   0 0 0
  78   1    1.09100890598013   0 0 0
  78   2    1.24929841253072   0 0 0
  78   4    1.12376074935088   0 0 0
  78   6   0.869420523247911   0 0 0
  78   8    0.61397901821029   0 0 0
  78  12   0.414845578302726   0 0 0
  78  24   0.105177836478236   0 0 0
  78  48 0.00774802022665847   0 0 0
  79   0                   0 120 1 1
  79 0.5   0.724858743993143   0 0 0
  79   1   0.964943412182202   0 0 0
  79   2   0.944761073080263   0 0 0
  79   4   0.870943065318351   0 0 0
  79   6   0.676397054337023   0 0 0
  79   8   0.539784820288785   0 0 0
  79  12    0.34375706696377   0 0 0
  79  24  0.0887459850483287   0 0 0
  79  48 0.00511473089429343   0 0 0
  80   0                   0 120 1 1
  80 0.5   0.590257919851573   0 0 0
  80   1   0.842181065748105   0 0 0
  80   2    1.05067215392672   0 0 0
  80   4    1.03522983190182   0 0 0
  80   6    1.03509869525982   0 0 0
  80   8   0.905446043387018   0 0 0
  80  12   0.675514595886571   0 0 0
  80  24    0.30250265026177   0 0 0
  80  48  0.0573007457504971   0 0 0
  81   0                   0 120 1 1
  81 0.5   0.735522262707565   0 0 0
  81   1    1.02326436438903   0 0 0
  81   2    1.20068316035502   0 0 0
  81   4    1.13731249394762   0 0 0
  81   6    1.00686803403358   0 0 0
  81   8   0.810203761476952   0 0 0
  81  12   0.708987376430756   0 0 0
  81  24   0.394476902993174   0 0 0
  81  48   0.129978795295296   0 0 0
  82   0                   0 120 1 1
  82 0.5   0.668197637218672   0 0 0
  82   1   0.933572056898019   0 0 0
  82   2    1.16831724993192   0 0 0
  82   4    1.09306680859787   0 0 0
  82   6    0.85416523352604   0 0 0
  82   8   0.761623483372549   0 0 0
  82  12   0.593886215332934   0 0 0
  82  24   0.199068498842675   0 0 0
  82  48  0.0287030224760223   0 0 0
  83   0                   0 120 1 1
  83 0.5   0.983753124774497   0 0 0
  83   1    1.15965350225363   0 0 0
  83   2    1.16054875088395   0 0 0
  83   4   0.925473262165177   0 0 0
  83   6   0.880736444316996   0 0 0
  83   8   0.830110647500836   0 0 0
  83  12   0.725804140451378   0 0 0
  83  24   0.592488533334269   0 0 0
  83  48    0.28735482513457   0 0 0
  84   0                   0 120 1 1
  84 0.5    0.53434318715721   0 0 0
  84   1   0.760136467065614   0 0 0
  84   2   0.806179287062125   0 0 0
  84   4   0.822664437948337   0 0 0
  84   6   0.768161472357626   0 0 0
  84   8   0.770681400590589   0 0 0
  84  12   0.623362999044237   0 0 0
  84  24   0.360250953580315   0 0 0
  84  48   0.112620422107216   0 0 0
  85   0                   0 120 1 1
  85 0.5   0.796820325665965   0 0 0
  85   1   0.997541824938723   0 0 0
  85   2   0.949636107332875   0 0 0
  85   4    1.02707541612555   0 0 0
  85   6    0.90372275329633   0 0 0
  85   8   0.849208005961346   0 0 0
  85  12   0.654722986749998   0 0 0
  85  24   0.401370102047678   0 0 0
  85  48   0.122477825217954   0 0 0
  86   0                   0 120 1 1
  86 0.5   0.843371800797454   0 0 0
  86   1    1.09321700309114   0 0 0
  86   2    1.29411185014887   0 0 0
  86   4    1.44985410434748   0 0 0
  86   6    1.40450965071792   0 0 0
  86   8    1.13042934747663   0 0 0
  86  12   0.925525720898988   0 0 0
  86  24   0.402215575320034   0 0 0
  86  48  0.0709304152812741   0 0 0
  87   0                   0 120 1 1
  87 0.5   0.685850968565355   0 0 0
  87   1   0.902636971191296   0 0 0
  87   2    1.26121477025255   0 0 0
  87   4    1.34172066857705   0 0 0
  87   6    1.27502096929991   0 0 0
  87   8    1.23707457988333   0 0 0
  87  12    1.06113288001051   0 0 0
  87  24    0.63895240181797   0 0 0
  87  48   0.264148417286067   0 0 0
  88   0                   0 120 1 1
  88 0.5   0.462311511546278   0 0 0
  88   1   0.707418715358039   0 0 0
  88   2    0.99760302683459   0 0 0
  88   4     1.1118627260671   0 0 0
  88   6    1.13801148393354   0 0 0
  88   8    1.13618542300061   0 0 0
  88  12   0.829272797864254   0 0 0
  88  24   0.568334790374269   0 0 0
  88  48   0.201782882819304   0 0 0
  89   0                   0 120 1 1
  89 0.5   0.529904673527487   0 0 0
  89   1   0.672421074083694   0 0 0
  89   2   0.820900506441127   0 0 0
  89   4   0.893805261201248   0 0 0
  89   6   0.831815387424162   0 0 0
  89   8   0.747427937424149   0 0 0
  89  12   0.644394212890815   0 0 0
  89  24   0.336987864418627   0 0 0
  89  48   0.101658991961402   0 0 0
  90   0                   0 120 1 1
  90 0.5       1.12452358161   0 0 0
  90   1    1.46280762754716   0 0 0
  90   2    1.69086619658377   0 0 0
  90   4    1.51663559995893   0 0 0
  90   6    1.23830971328531   0 0 0
  90   8    1.05025222651621   0 0 0
  90  12   0.764414794634481   0 0 0
  90  24   0.304816236621705   0 0 0
  90  48  0.0493933362543663   0 0 0
  91   0                   0 120 1 1
  91 0.5   0.526481860233567   0 0 0
  91   1   0.834955016972377   0 0 0
  91   2    1.00592322168719   0 0 0
  91   4    1.00348712708289   0 0 0
  91   6   0.836845342198787   0 0 0
  91   8   0.670873146375901   0 0 0
  91  12   0.501647184684358   0 0 0
  91  24   0.156026264071296   0 0 0
  91  48  0.0124577303760384   0 0 0
  92   0                   0 120 1 1
  92 0.5     1.1507232523817   0 0 0
  92   1    1.38628577065227   0 0 0
  92   2    1.57675512552174   0 0 0
  92   4    1.41945645092082   0 0 0
  92   6    1.51465083601019   0 0 0
  92   8    1.15484314353262   0 0 0
  92  12   0.900849869946978   0 0 0
  92  24   0.454162112700021   0 0 0
  92  48  0.0810406316758813   0 0 0
  93   0                   0 120 1 1
  93 0.5   0.849046511059492   0 0 0
  93   1    1.14446329163363   0 0 0
  93   2    1.17726072774779   0 0 0
  93   4    1.23937969823116   0 0 0
  93   6    1.06606520397501   0 0 0
  93   8   0.859449933016118   0 0 0
  93  12   0.719101759836465   0 0 0
  93  24   0.293970310713327   0 0 0
  93  48  0.0528562747431252   0 0 0
  94   0                   0 120 1 1
  94 0.5   0.825150176553608   0 0 0
  94   1    1.13348432586837   0 0 0
  94   2    1.32337871956905   0 0 0
  94   4    1.19506246010499   0 0 0
  94   6    1.20534117611701   0 0 0
  94   8   0.965040710835611   0 0 0
  94  12   0.748728175133636   0 0 0
  94  24   0.236553213717439   0 0 0
  94  48  0.0314501850426776   0 0 0
  95   0                   0 120 1 1
  95 0.5   0.793245974954968   0 0 0
  95   1    1.04805881912094   0 0 0
  95   2   0.974163097602423   0 0 0
  95   4    0.92772246795663   0 0 0
  95   6   0.909086044589886   0 0 0
  95   8   0.835072951046172   0 0 0
  95  12   0.753516638670757   0 0 0
  95  24   0.489160914812699   0 0 0
  95  48   0.242543784307396   0 0 0
  96   0                   0 120 1 1
  96 0.5   0.812780698258993   0 0 0
  96   1    1.16459272551447   0 0 0
  96   2     1.2550990724565   0 0 0
  96   4    1.13983308265921   0 0 0
  96   6     1.0372455364729   0 0 0
  96   8    1.00017653279821   0 0 0
  96  12   0.664612739650521   0 0 0
  96  24   0.306984836548779   0 0 0
  96  48  0.0604774676908177   0 0 0
  97   0                   0 120 1 1
  97 0.5   0.806846337094149   0 0 0
  97   1    1.08842304700728   0 0 0
  97   2    1.01314185685936   0 0 0
  97   4   0.877176101832131   0 0 0
  97   6   0.807765628823999   0 0 0
  97   8   0.698745887859487   0 0 0
  97  12   0.589371425860283   0 0 0
  97  24    0.32365388140188   0 0 0
  97  48   0.108992525769823   0 0 0
  98   0                   0 120 1 1
  98 0.5    0.82071055621034   0 0 0
  98   1    1.13996581119611   0 0 0
  98   2    1.15303041053573   0 0 0
  98   4    1.08535165658713   0 0 0
  98   6    1.01779318960286   0 0 0
  98   8   0.905751208333177   0 0 0
  98  12   0.617843129629199   0 0 0
  98  24    0.26231695480316   0 0 0
  98  48  0.0559999962045608   0 0 0
  99   0                   0 120 1 1
  99 0.5   0.558991770724724   0 0 0
  99   1   0.836027635762193   0 0 0
  99   2    1.05008106600814   0 0 0
  99   4    1.24049072007216   0 0 0
  99   6    1.05507077796422   0 0 0
  99   8    1.10670458914154   0 0 0
  99  12   0.903347427879774   0 0 0
  99  24   0.467314907579852   0 0 0
  99  48   0.140076489693072   0 0 0
 100   0                   0 120 1 1
 100 0.5   0.504840704568081   0 0 0
 100   1   0.711789424416272   0 0 0
 100   2   0.852417797306682   0 0 0
 100   4   0.884817855828335   0 0 0
 100   6   0.901243363820826   0 0 0
 100   8   0.756363503395877   0 0 0
 100  12   0.631168659460565   0 0 0
 100  24   0.295006810298781   0 0 0
 100  48  0.0610083099983498   0 0 0
