   1  0                    0 120 1 1
   1  2    0.015810234268617   0 0 0
   1 12   0.0104901385014058   0 0 0
   1 24   0.0194137576371713   0 0 0
   1 48    0.034470396332719   0 0 0
   2  0                    0 120 1 1
   2  2      1.8160679397699   0 0 0
   2 12     1.09765236679811   0 0 0
   2 24    0.652230567445902   0 0 0
   2 48    0.167068053910513   0 0 0
   3  0                    0 120 1 1
   3  2      1.2955044828843   0 0 0
   3 12    0.940077676268596   0 0 0
   3 24    0.487171181708149   0 0 0
   3 48    0.175455257790365   0 0 0
   4  0                    0 120 1 1
   4  2    0.867998608266526   0 0 0
   4 12    0.762466371413601   0 0 0
   4 24    0.466594680460281   0 0 0
   4 48   0.0490472849249416   0 0 0
   5  0                    0 120 1 1
   5  2     2.26440481253767   0 0 0
   5 12     2.19132965627944   0 0 0
   5 24     1.59522172742645   0 0 0
   5 48      1.0308513420416   0 0 0
   6  0                    0 120 1 1
   6  2    0.119954671608907   0 0 0
   6 12    0.173796053319935   0 0 0
   6 24    0.071524510160112   0 0 0
   6 48  0.00635158529623468   0 0 0
   7  0                    0 120 1 1
   7  2     2.00699610112271   0 0 0
   7 12     1.08202580444557   0 0 0
   7 24    0.379838873757144   0 0 0
   7 48   0.0425311562709383   0 0 0
   8  0                    0 120 1 1
   8  2    0.361636671903481   0 0 0
   8 12    0.267336224793158   0 0 0
   8 24    0.218716359858418   0 0 0
   8 48   0.0710213235175347   0 0 0
   9  0                    0 120 1 1
   9  2     2.10011000572004   0 0 0
   9 12    0.955529224369899   0 0 0
   9 24    0.494757309425074   0 0 0
   9 48    0.139761629529334   0 0 0
  10  0                    0 120 1 1
  10  2     2.46735622118913   0 0 0
  10 12      1.6560501393741   0 0 0
  10 24    0.845470443927354   0 0 0
  10 48    0.260878889247675   0 0 0
  11  0                    0 120 1 1
  11  2   -0.887480232082414   0 0 0
  11 12   -0.361540797256573   0 0 0
  11 24   -0.188186491796587   0 0 0
  11 48   0.0243749398494482   0 0 0
  12  0                    0 120 1 1
  12  2     1.47967410708972   0 0 0
  12 12    0.761258105528487   0 0 0
  12 24    0.493906587404131   0 0 0
  12 48   0.0736181194546527   0 0 0
  13  0                    0 120 1 1
  13  2     1.14867672525578   0 0 0
  13 12    0.989954588169528   0 0 0
  13 24     0.63265354321232   0 0 0
  13 48    0.220283877192216   0 0 0
  14  0                    0 120 1 1
  14  2    0.487393235373451   0 0 0
  14 12    0.331758120958606   0 0 0
  14 24    0.213106793103311   0 0 0
  14 48    0.110525467354059   0 0 0
  15  0                    0 120 1 1
  15  2     1.14034593580009   0 0 0
  15 12    0.573215389850086   0 0 0
  15 24    0.242398690197858   0 0 0
  15 48   0.0119253078813883   0 0 0
  16  0                    0 120 1 1
  16  2   -0.847249342305138   0 0 0
  16 12   -0.484513889272739   0 0 0
  16 24   -0.101573761524582   0 0 0
  16 48   0.0636795311649841   0 0 0
  17  0                    0 120 1 1
  17  2     1.44575384191949   0 0 0
  17 12     1.00133735928988   0 0 0
  17 24    0.637766607223372   0 0 0
  17 48    0.229553984063531   0 0 0
  18  0                    0 120 1 1
  18  2    0.399964660334101   0 0 0
  18 12    0.382007709035557   0 0 0
  18 24    0.208095396934204   0 0 0
  18 48    0.125240978949879   0 0 0
  19  0                    0 120 1 1
  19  2     2.24737587181251   0 0 0
  19 12     2.44524977629564   0 0 0
  19 24     1.43364845346539   0 0 0
  19 48    0.523060447529341   0 0 0
  20  0                    0 120 1 1
  20  2     1.87596629457499   0 0 0
  20 12     1.29166474855244   0 0 0
  20 24    0.346894308036996   0 0 0
  20 48   0.0241741479950742   0 0 0
  21  0                    0 120 1 1
  21  2   -0.540133453590429   0 0 0
  21 12   -0.387947856237556   0 0 0
  21 24   -0.278776923251253   0 0 0
  21 48   0.0253525856605185   0 0 0
  22  0                    0 120 1 1
  22  2     2.83505908767303   0 0 0
  22 12     1.11041034922632   0 0 0
  22 24    0.444381245310053   0 0 0
  22 48   0.0724099510054963   0 0 0
  23  0                    0 120 1 1
  23  2      2.2981123035609   0 0 0
  23 12     1.85058394415949   0 0 0
  23 24    0.735420306220882   0 0 0
  23 48    0.128785310336446   0 0 0
  24  0                    0 120 1 1
  24  2     1.67684896201555   0 0 0
  24 12    0.480014224681168   0 0 0
  24 24   0.0855571808457254   0 0 0
  24 48   0.0557977466420649   0 0 0
  25  0                    0 120 1 1
  25  2    0.754208955181708   0 0 0
  25 12    0.517292675961803   0 0 0
  25 24    0.312132460403573   0 0 0
  25 48   0.0720730688578677   0 0 0
  26  0                    0 120 1 1
  26  2     1.03900098879978   0 0 0
  26 12     1.06842883846544   0 0 0
  26 24    0.704401489719784   0 0 0
  26 48    0.408194153441478   0 0 0
  27  0                    0 120 1 1
  27  2    0.559244855782945   0 0 0
  27 12    0.517399837144504   0 0 0
  27 24    0.189507812978258   0 0 0
  27 48    0.012278731283391   0 0 0
  28  0                    0 120 1 1
  28  2   0.0793736751630189   0 0 0
  28 12   0.0975366146262943   0 0 0
  28 24   0.0720647080412542   0 0 0
  28 48   0.0500981022963212   0 0 0
  29  0                    0 120 1 1
  29  2    0.872178257443953   0 0 0
  29 12    0.434585924902189   0 0 0
  29 24    0.135542853545564   0 0 0
  29 48   0.0735088406055038   0 0 0
  30  0                    0 120 1 1
  30  2    -0.44288145975956   0 0 0
  30 12   -0.385366862446455   0 0 0
  30 24   -0.354055355634843   0 0 0
  30 48   -0.119935568094673   0 0 0
  31  0                    0 120 1 1
  31  2    0.658711927047016   0 0 0
  31 12    0.329107043484109   0 0 0
  31 24    0.175642482232835   0 0 0
  31 48   0.0241946022827444   0 0 0
  32  0                    0 120 1 1
  32  2     1.40823667074082   0 0 0
  32 12    0.859499571922984   0 0 0
  32 24    0.300307358412408   0 0 0
  32 48   0.0485367042327193   0 0 0
  33  0                    0 120 1 1
  33  2    0.992637807016962   0 0 0
  33 12    0.853420579495686   0 0 0
  33 24    0.411577746458655   0 0 0
  33 48    0.137875106095054   0 0 0
  34  0                    0 120 1 1
  34  2   -0.441938280486376   0 0 0
  34 12   -0.272634462457602   0 0 0
  34 24  0.00535421220960478   0 0 0
  34 48   0.0343135370424878   0 0 0
  35  0                    0 120 1 1
  35  2    0.658445752350942   0 0 0
  35 12    0.402306274479462   0 0 0
  35 24    0.180331908311876   0 0 0
  35 48   0.0719533178742776   0 0 0
  36  0                    0 120 1 1
  36  2     0.65970588765835   0 0 0
  36 12    0.526844788921925   0 0 0
  36 24    0.238945870650017   0 0 0
  36 48    0.116255889078696   0 0 0
  37  0                    0 120 1 1
  37  2     1.22337933325447   0 0 0
  37 12    0.973415820053033   0 0 0
  37 24    0.688883580567768   0 0 0
  37 48    0.109299100817336   0 0 0
  38  0                    0 120 1 1
  38  2    0.909476900965586   0 0 0
  38 12    0.653181395567151   0 0 0
  38 24    0.410082226883383   0 0 0
  38 48   0.0878698513873391   0 0 0
  39  0                    0 120 1 1
  39  2     2.09320306171529   0 0 0
  39 12     1.45326406145005   0 0 0
  39 24    0.893916214983089   0 0 0
  39 48    0.366799743251535   0 0 0
  40  0                    0 120 1 1
  40  2    -0.85418251851249   0 0 0
  40 12   -0.356820109534836   0 0 0
  40 24   -0.109883816557578   0 0 0
  40 48  0.00799721758427545   0 0 0
  41  0                    0 120 1 1
  41  2     2.52872962598713   0 0 0
  41 12     1.46118208130893   0 0 0
  41 24    0.433590586450083   0 0 0
  41 48   0.0678236782899852   0 0 0
  42  0                    0 120 1 1
  42  2   -0.350310660747897   0 0 0
  42 12   -0.202200048305648   0 0 0
  42 24    0.023857132621083   0 0 0
  42 48    0.011128181649666   0 0 0
  43  0                    0 120 1 1
  43  2   0.0567077711324209   0 0 0
  43 12   0.0726052028841923   0 0 0
  43 24   0.0491445915540784   0 0 0
  43 48   0.0194128800277968   0 0 0
  44  0                    0 120 1 1
  44  2     1.93328302089028   0 0 0
  44 12     1.16559230241594   0 0 0
  44 24     0.64244235727114   0 0 0
  44 48    0.206932528758854   0 0 0
  45  0                    0 120 1 1
  45  2   -0.272799838386423   0 0 0
  45 12   -0.119346203138692   0 0 0
  45 24 0.000212149780848228   0 0 0
  45 48   0.0245530292554622   0 0 0
  46  0                    0 120 1 1
  46  2     2.68733267109012   0 0 0
  46 12     1.53024674565626   0 0 0
  46 24    0.566638043858518   0 0 0
  46 48    0.122438738410128   0 0 0
  47  0                    0 120 1 1
  47  2     2.82516257308613   0 0 0
  47 12     1.97241062775669   0 0 0
  47 24     1.23266400536187   0 0 0
  47 48    0.494241817273918   0 0 0
  48  0                    0 120 1 1
  48  2     1.10739562825122   0 0 0
  48 12    0.833843528381613   0 0 0
  48 24    0.507465470414138   0 0 0
  48 48    0.260723540776769   0 0 0
  49  0                    0 120 1 1
  49  2    0.915180034854666   0 0 0
  49 12    0.795510139882976   0 0 0
  49 24    0.416735691745585   0 0 0
  49 48    0.318124785786038   0 0 0
  50  0                    0 120 1 1
  50  2   -0.206726169678347   0 0 0
  50 12   -0.144999825441092   0 0 0
  50 24 0.000671262422843197   0 0 0
  50 48    0.031125444817552   0 0 0
  51  0                    0 120 1 1
  51  2     1.01536049766441   0 0 0
  51 12    0.864718591393185   0 0 0
  51 24    0.596031076736606   0 0 0
  51 48    0.206911492658651   0 0 0
  52  0                    0 120 1 1
  52  2     3.63423576683715   0 0 0
  52 12     2.25172293720823   0 0 0
  52 24     1.04353747862298   0 0 0
  52 48    0.308852603214176   0 0 0
  53  0                    0 120 1 1
  53  2     2.11588164071498   0 0 0
  53 12    0.876621367688221   0 0 0
  53 24    0.293247437987433   0 0 0
  53 48   0.0495808539759115   0 0 0
  54  0                    0 120 1 1
  54  2     1.94669071730028   0 0 0
  54 12     1.70822939417148   0 0 0
  54 24      1.1780673545906   0 0 0
  54 48    0.556783972666287   0 0 0
  55  0                    0 120 1 1
  55  2     1.42686866453738   0 0 0
  55 12    0.884153935501212   0 0 0
  55 24     0.54137494848736   0 0 0
  55 48    0.186747015083791   0 0 0
  56  0                    0 120 1 1
  56  2      1.8940171028484   0 0 0
  56 12     1.20201207000518   0 0 0
  56 24    0.789224133697306   0 0 0
  56 48    0.266062670274252   0 0 0
  57  0                    0 120 1 1
  57  2   -0.831169461808359   0 0 0
  57 12   -0.478922685391858   0 0 0
  57 24   -0.290756127291161   0 0 0
  57 48  0.00641229340647319   0 0 0
  58  0                    0 120 1 1
  58  2    0.679834790695196   0 0 0
  58 12    0.436310324080779   0 0 0
  58 24    0.331338772619791   0 0 0
  58 48    0.225582709317611   0 0 0
  59  0                    0 120 1 1
  59  2     1.26695211526044   0 0 0
  59 12     1.35213908028541   0 0 0
  59 24    0.942603310532387   0 0 0
  59 48    0.280541536022021   0 0 0
  60  0                    0 120 1 1
  60  2     2.68764864677327   0 0 0
  60 12    0.929356235858149   0 0 0
  60 24    0.208516196628992   0 0 0
  60 48   0.0461827610948577   0 0 0
  61  0                    0 120 1 1
  61  2    0.532731326741117   0 0 0
  61 12    0.322614707744915   0 0 0
  61 24    0.175301113743913   0 0 0
  61 48   0.0410480928848493   0 0 0
  62  0                    0 120 1 1
  62  2     2.13392945001573   0 0 0
  62 12     1.20749075108622   0 0 0
  62 24    0.770482934881741   0 0 0
  62 48    0.277227753149843   0 0 0
  63  0                    0 120 1 1
  63  2     1.22449296843415   0 0 0
  63 12    0.896818263907767   0 0 0
  63 24    0.496340837658368   0 0 0
  63 48     0.16148142057026   0 0 0
  64  0                    0 120 1 1
  64  2     1.67224201287443   0 0 0
  64 12      1.2671552738221   0 0 0
  64 24    0.819694346898998   0 0 0
  64 48    0.434005302921934   0 0 0
  65  0                    0 120 1 1
  65  2   -0.108731875204658   0 0 0
  65 12   -0.110484304241922   0 0 0
  65 24  -0.0704257042893347   0 0 0
  65 48   0.0114149345064369   0 0 0
  66  0                    0 120 1 1
  66  2     2.07608442022957   0 0 0
  66 12     1.70293774963879   0 0 0
  66 24      1.3355188144088   0 0 0
  66 48    0.690825491988678   0 0 0
  67  0                    0 120 1 1
  67  2   -0.133977271337021   0 0 0
  67 12   -0.124005919188546   0 0 0
  67 24  0.00603725187219566   0 0 0
  67 48  0.00810569400032176   0 0 0
  68  0                    0 120 1 1
  68  2     1.96241997265942   0 0 0
  68 12    0.973880486402525   0 0 0
  68 24     0.56433677167407   0 0 0
  68 48    0.110155423937467   0 0 0
  69  0                    0 120 1 1
  69  2     2.98966348296219   0 0 0
  69 12     1.97503331782445   0 0 0
  69 24     1.25340823479288   0 0 0
  69 48    0.396246794817792   0 0 0
  70  0                    0 120 1 1
  70  2    0.699027262987233   0 0 0
  70 12    0.654552761457917   0 0 0
  70 24    0.458727488634811   0 0 0
  70 48    0.141354120234494   0 0 0
  71  0                    0 120 1 1
  71  2     1.53758812334225   0 0 0
  71 12    0.949271523728577   0 0 0
  71 24     0.46080990703103   0 0 0
  71 48   0.0852859500708634   0 0 0
  72  0                    0 120 1 1
  72  2    0.582995487687119   0 0 0
  72 12    0.398950797158952   0 0 0
  72 24    0.152359062346723   0 0 0
  72 48   0.0471241708713356   0 0 0
  73  0                    0 120 1 1
  73  2       1.315828479718   0 0 0
  73 12    0.373199193928914   0 0 0
  73 24   0.0696978152492873   0 0 0
  73 48   0.0293326070163392   0 0 0
  74  0                    0 120 1 1
  74  2    0.656315305488248   0 0 0
  74 12     0.35261567289366   0 0 0
  74 24    0.150764463555855   0 0 0
  74 48  0.00274221580273724   0 0 0
  75  0                    0 120 1 1
  75  2   0.0266035012527644   0 0 0
  75 12  0.00598161688577314   0 0 0
  75 24 0.000292009984933787   0 0 0
  75 48    0.102474628526411   0 0 0
  76  0                    0 120 1 1
  76  2     0.23965092765151   0 0 0
  76 12    0.104633858263029   0 0 0
  76 24   0.0883935002572287   0 0 0
  76 48    0.076712258386698   0 0 0
  77  0                    0 120 1 1
  77  2    0.627534219486695   0 0 0
  77 12    0.461452684547794   0 0 0
  77 24    0.229940107690395   0 0 0
  77 48    0.042672357562465   0 0 0
  78  0                    0 120 1 1
  78  2  0.00945449895595337   0 0 0
  78 12   0.0285032475520677   0 0 0
  78 24   0.0102390161470612   0 0 0
  78 48   0.0133335366292094   0 0 0
  79  0                    0 120 1 1
  79  2   -0.273223220748749   0 0 0
  79 12   -0.236255257950374   0 0 0
  79 24    0.026328933985529   0 0 0
  79 48   0.0944570777516469   0 0 0
  80  0                    0 120 1 1
  80  2    0.685184113567873   0 0 0
  80 12    0.490265373168812   0 0 0
  80 24    0.359047183643971   0 0 0
  80 48    0.174355999141517   0 0 0
  81  0                    0 120 1 1
  81  2     2.38532878711295   0 0 0
  81 12    0.894578562284567   0 0 0
  81 24    0.347471696685376   0 0 0
  81 48  0.00319900635045296   0 0 0
  82  0                    0 120 1 1
  82  2     1.09732884403489   0 0 0
  82 12    0.875540303856892   0 0 0
  82 24    0.646759517732513   0 0 0
  82 48    0.271630277817124   0 0 0
  83  0                    0 120 1 1
  83  2     1.56414418913643   0 0 0
  83 12      0.9315110425642   0 0 0
  83 24    0.566820176135528   0 0 0
  83 48    0.216311737433317   0 0 0
  84  0                    0 120 1 1
  84  2    -1.53574300415015   0 0 0
  84 12   -0.737993863710924   0 0 0
  84 24   -0.343625378425524   0 0 0
  84 48   0.0197865590201715   0 0 0
  85  0                    0 120 1 1
  85  2     1.61000256243916   0 0 0
  85 12     1.96320773491333   0 0 0
  85 24    0.946618963077808   0 0 0
  85 48    0.247521238693035   0 0 0
  86  0                    0 120 1 1
  86  2     1.45901294488016   0 0 0
  86 12     1.18613139642738   0 0 0
  86 24    0.626704683589041   0 0 0
  86 48   0.0466506351678043   0 0 0
  87  0                    0 120 1 1
  87  2     2.39484002539943   0 0 0
  87 12     2.09234385186549   0 0 0
  87 24     1.11641085940678   0 0 0
  87 48    0.507603989731101   0 0 0
  88  0                    0 120 1 1
  88  2     0.10359615522473   0 0 0
  88 12   0.0780287768195996   0 0 0
  88 24   0.0186350541941434   0 0 0
  88 48   0.0363283639234202   0 0 0
  89  0                    0 120 1 1
  89  2     1.06612734392435   0 0 0
  89 12    0.528809406871643   0 0 0
  89 24    0.286003036861188   0 0 0
  89 48    0.147037599457142   0 0 0
  90  0                    0 120 1 1
  90  2     0.17031285955272   0 0 0
  90 12    0.127834937628607   0 0 0
  90 24   0.0865252360370384   0 0 0
  90 48   0.0406333353669648   0 0 0
  91  0                    0 120 1 1
  91  2     2.64049450249406   0 0 0
  91 12     1.19762944159187   0 0 0
  91 24    0.468278213904892   0 0 0
  91 48   0.0584128455937271   0 0 0
  92  0                    0 120 1 1
  92  2    0.548823465788984   0 0 0
  92 12    0.354393268292114   0 0 0
  92 24    0.269033648430059   0 0 0
  92 48    0.154391011200982   0 0 0
  93  0                    0 120 1 1
  93  2     1.38534662087319   0 0 0
  93 12    0.955924224886235   0 0 0
  93 24    0.634806849096045   0 0 0
  93 48    0.289580979588528   0 0 0
  94  0                    0 120 1 1
  94  2     1.60037323780596   0 0 0
  94 12     1.10903180729923   0 0 0
  94 24    0.710055962439367   0 0 0
  94 48    0.354956868436073   0 0 0
  95  0                    0 120 1 1
  95  2     1.16648277233407   0 0 0
  95 12    0.726740603017963   0 0 0
  95 24    0.334502350227801   0 0 0
  95 48    0.101896461846733   0 0 0
  96  0                    0 120 1 1
  96  2     1.32661910280805   0 0 0
  96 12    0.716678447552633   0 0 0
  96 24     0.27336317644525   0 0 0
  96 48    0.034308664599045   0 0 0
  97  0                    0 120 1 1
  97  2     1.56767030392146   0 0 0
  97 12      1.1413094261104   0 0 0
  97 24    0.508331466036892   0 0 0
  97 48    0.177319784559911   0 0 0
  98  0                    0 120 1 1
  98  2     1.60125016695593   0 0 0
  98 12    0.635421091565872   0 0 0
  98 24    0.141738411701698   0 0 0
  98 48   0.0395686127372158   0 0 0
  99  0                    0 120 1 1
  99  2    0.983436329211171   0 0 0
  99 12    0.876979431922606   0 0 0
  99 24     0.44782153708371   0 0 0
  99 48    0.168083049135174   0 0 0
 100  0                    0 120 1 1
 100  2    0.589665898144647   0 0 0
 100 12    0.413058189755171   0 0 0
 100 24    0.145391529894136   0 0 0
 100 48     0.12072848607712   0 0 0
