   1  0                   0 120 1 1
   1  2    1.10418056385699   0 0 0
   1 12   0.829178790447327   0 0 0
   1 24   0.443570756049193   0 0 0
   1 48   0.111428920008288   0 0 0
   2  0                   0 120 1 1
   2  2    1.49702541367085   0 0 0
   2 12   0.811901882872664   0 0 0
   2 24   0.551734775099061   0 0 0
   2 48   0.134720970614341   0 0 0
   3  0                   0 120 1 1
   3  2    1.09667894639356   0 0 0
   3 12   0.772683111558196   0 0 0
   3 24   0.402964430387276   0 0 0
   3 48  0.0431253921527088   0 0 0
   4  0                   0 120 1 1
   4  2    1.06043026349622   0 0 0
   4 12     0.9955604033948   0 0 0
   4 24   0.384543037532381   0 0 0
   4 48    0.16243114725219   0 0 0
   5  0                   0 120 1 1
   5  2    1.07136648103819   0 0 0
   5 12    0.91770517121629   0 0 0
   5 24   0.781831457602404   0 0 0
   5 48   0.487465229188401   0 0 0
   6  0                   0 120 1 1
   6  2   0.939368227862857   0 0 0
   6 12   0.904781349986248   0 0 0
   6 24    0.45832162691849   0 0 0
   6 48   0.255170993624421   0 0 0
   7  0                   0 120 1 1
   7  2   0.895786577483004   0 0 0
   7 12   0.622689240187545   0 0 0
   7 24    0.24139869809679   0 0 0
   7 48  0.0932441676691647   0 0 0
   8  0                   0 120 1 1
   8  2   0.746352248296384   0 0 0
   8 12   0.716633109600629   0 0 0
   8 24   0.450791811146695   0 0 0
   8 48   0.230869884983197   0 0 0
   9  0                   0 120 1 1
   9  2    1.35084262285247   0 0 0
   9 12   0.644245089788659   0 0 0
   9 24   0.291008653749938   0 0 0
   9 48    0.12493694265005   0 0 0
  10  0                   0 120 1 1
  10  2     1.7715768520562   0 0 0
  10 12    1.00142921185982   0 0 0
  10 24   0.496075050181736   0 0 0
  10 48   0.111153188128822   0 0 0
  11  0                   0 120 1 1
  11  2     1.3877205016229   0 0 0
  11 12   0.722316379307874   0 0 0
  11 24   0.235095201040765   0 0 0
  11 48  0.0542255954531048   0 0 0
  12  0                   0 120 1 1
  12  2   0.923764519868487   0 0 0
  12 12   0.466854650554373   0 0 0
  12 24   0.303489794826556   0 0 0
  12 48  0.0517135280763758   0 0 0
  13  0                   0 120 1 1
  13  2   0.894943301423622   0 0 0
  13 12   0.989310160504811   0 0 0
  13 24    0.63976983703842   0 0 0
  13 48   0.246199126342303   0 0 0
  14  0                   0 120 1 1
  14  2    1.18830490757521   0 0 0
  14 12   0.904601197262471   0 0 0
  14 24   0.408848292505503   0 0 0
  14 48   0.128005578572348   0 0 0
  15  0                   0 120 1 1
  15  2    1.08396455740087   0 0 0
  15 12   0.612086576779722   0 0 0
  15 24     0.2290179518567   0 0 0
  15 48  0.0102675332454912   0 0 0
  16  0                   0 120 1 1
  16  2    1.34113194753145   0 0 0
  16 12   0.616782269213266   0 0 0
  16 24   0.274681848410386   0 0 0
  16 48  0.0239728779147012   0 0 0
  17  0                   0 120 1 1
  17  2    1.32283925474374   0 0 0
  17 12   0.850674702072373   0 0 0
  17 24   0.531985745826798   0 0 0
  17 48   0.180081808271607   0 0 0
  18  0                   0 120 1 1
  18  2   0.931081284788796   0 0 0
  18 12   0.635825513310531   0 0 0
  18 24   0.458295970233147   0 0 0
  18 48   0.268165899086632   0 0 0
  19  0                   0 120 1 1
  19  2   0.889291156636159   0 0 0
  19 12   0.832437470281522   0 0 0
  19 24   0.489096365172755   0 0 0
  19 48   0.380770559250306   0 0 0
  20  0                   0 120 1 1
  20  2   0.922377078273353   0 0 0
  20 12   0.522821131395554   0 0 0
  20 24   0.118747351267747   0 0 0
  20 48   0.109188555837586   0 0 0
  21  0                   0 120 1 1
  21  2   0.876563878412496   0 0 0
  21 12   0.634324674157697   0 0 0
  21 24   0.307791008910909   0 0 0
  21 48  0.0545770648736485   0 0 0
  22  0                   0 120 1 1
  22  2   0.948083702750435   0 0 0
  22 12   0.380514519335798   0 0 0
  22 24   0.146828150506099   0 0 0
  22 48  0.0420327413345763   0 0 0
  23  0                   0 120 1 1
  23  2    1.07955210271114   0 0 0
  23 12   0.841537831675474   0 0 0
  23 24   0.343558427990661   0 0 0
  23 48   0.151437189937499   0 0 0
  24  0                   0 120 1 1
  24  2    1.49980188183167   0 0 0
  24 12   0.448265091988774   0 0 0
  24 24   0.118471109784276   0 0 0
  24 48  0.0469706402851034   0 0 0
  25  0                   0 120 1 1
  25  2    1.02470075411384   0 0 0
  25 12   0.879056134655566   0 0 0
  25 24    0.36951409240812   0 0 0
  25 48  0.0863385169025203   0 0 0
  26  0                   0 120 1 1
  26  2   0.809221602157131   0 0 0
  26 12   0.826998962838564   0 0 0
  26 24    0.55411711489549   0 0 0
  26 48    0.22165703454064   0 0 0
  27  0                   0 120 1 1
  27  2   0.892941497162889   0 0 0
  27 12   0.803610274279121   0 0 0
  27 24   0.325721758746267   0 0 0
  27 48  0.0411468865061772   0 0 0
  28  0                   0 120 1 1
  28  2    1.06832831171102   0 0 0
  28 12   0.674240191229079   0 0 0
  28 24   0.275149272056446   0 0 0
  28 48  0.0626383099007214   0 0 0
  29  0                   0 120 1 1
  29  2    1.54648606266578   0 0 0
  29 12     0.6552558258281   0 0 0
  29 24   0.294250936195593   0 0 0
  29 48  0.0364141066855388   0 0 0
  30  0                   0 120 1 1
  30  2   0.928071361049386   0 0 0
  30 12   0.798956999470087   0 0 0
  30 24   0.675280456241692   0 0 0
  30 48   0.229275411730023   0 0 0
  31  0                   0 120 1 1
  31  2    1.38989033042514   0 0 0
  31 12   0.730905092601509   0 0 0
  31 24   0.368920357162741   0 0 0
  31 48   0.148645648141438   0 0 0
  32  0                   0 120 1 1
  32  2    1.29794049980497   0 0 0
  32 12   0.652232898412627   0 0 0
  32 24   0.204298869860322   0 0 0
  32 48  0.0323086588430521   0 0 0
  33  0                   0 120 1 1
  33  2    1.01027825223471   0 0 0
  33 12   0.916563205352246   0 0 0
  33 24   0.370477966702376   0 0 0
  33 48  0.0878889764309777   0 0 0
  34  0                   0 120 1 1
  34  2    1.14361664103298   0 0 0
  34 12   0.755016484876197   0 0 0
  34 24   0.365639108032346   0 0 0
  34 48  0.0274105979333078   0 0 0
  35  0                   0 120 1 1
  35  2   0.948226518961712   0 0 0
  35 12   0.600982454062256   0 0 0
  35 24   0.335211548506952   0 0 0
  35 48   0.216350674864212   0 0 0
  36  0                   0 120 1 1
  36  2    1.02393983399098   0 0 0
  36 12   0.689567180398688   0 0 0
  36 24   0.302029746846734   0 0 0
  36 48  0.0266851106560975   0 0 0
  37  0                   0 120 1 1
  37  2   0.930173288313562   0 0 0
  37 12   0.962424911931405   0 0 0
  37 24   0.631236400737835   0 0 0
  37 48   0.117613598802244   0 0 0
  38  0                   0 120 1 1
  38  2   0.810057485211238   0 0 0
  38 12   0.592006641610121   0 0 0
  38 24   0.352818834718395   0 0 0
  38 48   0.112554693996454   0 0 0
  39  0                   0 120 1 1
  39  2       1.02333463281   0 0 0
  39 12   0.740248035083217   0 0 0
  39 24   0.432276030205934   0 0 0
  39 48    0.10440962158724   0 0 0
  40  0                   0 120 1 1
  40  2    1.22295033913351   0 0 0
  40 12   0.518134503559654   0 0 0
  40 24   0.230757334912233   0 0 0
  40 48  0.0798152416912842   0 0 0
  41  0                   0 120 1 1
  41  2    1.41415269765599   0 0 0
  41 12   0.673963298944731   0 0 0
  41 24    0.28038008629872   0 0 0
  41 48  0.0662001547539929   0 0 0
  42  0                   0 120 1 1
  42  2    1.65461428947492   0 0 0
  42 12   0.639425381924755   0 0 0
  42 24    0.19972176123954   0 0 0
  42 48  0.0294191531057015   0 0 0
  43  0                   0 120 1 1
  43  2   0.938691539953511   0 0 0
  43 12   0.416805786214551   0 0 0
  43 24   0.100067824833634   0 0 0
  43 48  0.0272312624672505   0 0 0
  44  0                   0 120 1 1
  44  2    1.03835211916058   0 0 0
  44 12   0.782963105494065   0 0 0
  44 24   0.463058114072162   0 0 0
  44 48  0.0867295804385921   0 0 0
  45  0                   0 120 1 1
  45  2   0.921288857490877   0 0 0
  45 12   0.437900107087875   0 0 0
  45 24   0.317811151125522   0 0 0
  45 48   0.197205396290106   0 0 0
  46  0                   0 120 1 1
  46  2    1.19138765517356   0 0 0
  46 12   0.750474559110719   0 0 0
  46 24   0.343564931490049   0 0 0
  46 48   0.126260093799208   0 0 0
  47  0                   0 120 1 1
  47  2    1.10211626310317   0 0 0
  47 12   0.960201797062525   0 0 0
  47 24   0.487381004847776   0 0 0
  47 48   0.153889470658383   0 0 0
  48  0                   0 120 1 1
  48  2    1.06553293837605   0 0 0
  48 12   0.817894144867028   0 0 0
  48 24   0.521596434687006   0 0 0
  48 48   0.208299565512462   0 0 0
  49  0                   0 120 1 1
  49  2   0.868359842656421   0 0 0
  49 12   0.637630058107845   0 0 0
  49 24   0.386500789163142   0 0 0
  49 48   0.213684595341984   0 0 0
  50  0                   0 120 1 1
  50  2    1.40269913747239   0 0 0
  50 12   0.913770416775205   0 0 0
  50 24   0.498524722547183   0 0 0
  50 48   0.198860372033258   0 0 0
  51  0                   0 120 1 1
  51  2    1.01311775207918   0 0 0
  51 12   0.716936255011019   0 0 0
  51 24     0.5344594920129   0 0 0
  51 48   0.184671778922901   0 0 0
  52  0                   0 120 1 1
  52  2    1.66604028763081   0 0 0
  52 12   0.965315809647836   0 0 0
  52 24   0.450157875797678   0 0 0
  52 48   0.111267283085622   0 0 0
  53  0                   0 120 1 1
  53  2    1.72203529363515   0 0 0
  53 12   0.547817382875589   0 0 0
  53 24   0.220979266395033   0 0 0
  53 48  0.0717475969554172   0 0 0
  54  0                   0 120 1 1
  54  2   0.896847116912886   0 0 0
  54 12   0.809723761920176   0 0 0
  54 24   0.536797603590803   0 0 0
  54 48   0.254020535419242   0 0 0
  55  0                   0 120 1 1
  55  2    1.01563931665095   0 0 0
  55 12   0.647175125137527   0 0 0
  55 24   0.441029815197273   0 0 0
  55 48   0.151253774157358   0 0 0
  56  0                   0 120 1 1
  56  2     1.1563498673401   0 0 0
  56 12   0.559096946115047   0 0 0
  56 24   0.406843113604874   0 0 0
  56 48   0.171998925142739   0 0 0
  57  0                   0 120 1 1
  57  2   0.952508376950535   0 0 0
  57 12   0.522971909801437   0 0 0
  57 24   0.289763299869274   0 0 0
  57 48  0.0824033412600675   0 0 0
  58  0                   0 120 1 1
  58  2   0.966593276443598   0 0 0
  58 12    0.68167814006491   0 0 0
  58 24   0.542978717471391   0 0 0
  58 48    0.18245083220719   0 0 0
  59  0                   0 120 1 1
  59  2   0.764200447105011   0 0 0
  59 12   0.758559898667984   0 0 0
  59 24   0.509225734101771   0 0 0
  59 48   0.140779873205029   0 0 0
  60  0                   0 120 1 1
  60  2    1.06588961658677   0 0 0
  60 12   0.388754484742839   0 0 0
  60 24  0.0322889854582735   0 0 0
  60 48  0.0300373025211614   0 0 0
  61  0                   0 120 1 1
  61  2    1.39423319747818   0 0 0
  61 12   0.702009637956426   0 0 0
  61 24   0.255493298545728   0 0 0
  61 48  0.0892341129626696   0 0 0
  62  0                   0 120 1 1
  62  2    1.11037594922291   0 0 0
  62 12   0.671641933547859   0 0 0
  62 24   0.395503920645815   0 0 0
  62 48    0.10985823055348   0 0 0
  63  0                   0 120 1 1
  63  2    1.04015921806673   0 0 0
  63 12   0.871059910623567   0 0 0
  63 24     0.4917820071491   0 0 0
  63 48   0.134796236634035   0 0 0
  64  0                   0 120 1 1
  64  2    1.20755601515094   0 0 0
  64 12     0.8151232612503   0 0 0
  64 24   0.682684503050221   0 0 0
  64 48   0.322204984939778   0 0 0
  65  0                   0 120 1 1
  65  2    1.19334691057583   0 0 0
  65 12   0.766950302039835   0 0 0
  65 24   0.637888045600585   0 0 0
  65 48   0.342134834911693   0 0 0
  66  0                   0 120 1 1
  66  2    1.06135885164641   0 0 0
  66 12   0.935870468094578   0 0 0
  66 24   0.698143845256759   0 0 0
  66 48   0.269518327506226   0 0 0
  67  0                   0 120 1 1
  67  2    1.21516054157491   0 0 0
  67 12   0.761209958072499   0 0 0
  67 24   0.443578340026309   0 0 0
  67 48   0.241541457812637   0 0 0
  68  0                   0 120 1 1
  68  2    1.01363306122582   0 0 0
  68 12   0.628099126868424   0 0 0
  68 24   0.297871066994063   0 0 0
  68 48   0.032736962277271   0 0 0
  69  0                   0 120 1 1
  69  2    1.23065105259131   0 0 0
  69 12   0.891238073915013   0 0 0
  69 24   0.565839459424619   0 0 0
  69 48   0.135565605434134   0 0 0
  70  0                   0 120 1 1
  70  2   0.983715549736937   0 0 0
  70 12   0.982095491562186   0 0 0
  70 24   0.636289077652007   0 0 0
  70 48   0.270139235079934   0 0 0
  71  0                   0 120 1 1
  71  2    1.34183140550018   0 0 0
  71 12    0.82559303935676   0 0 0
  71 24   0.274289304674277   0 0 0
  71 48  0.0981894703357059   0 0 0
  72  0                   0 120 1 1
  72  2   0.985618175747217   0 0 0
  72 12   0.767267575512558   0 0 0
  72 24   0.329878295414688   0 0 0
  72 48  0.0239536088298534   0 0 0
  73  0                   0 120 1 1
  73  2    1.31256700549259   0 0 0
  73 12   0.463767424325618   0 0 0
  73 24   0.193959990822585   0 0 0
  73 48  0.0750344383845282   0 0 0
  74  0                   0 120 1 1
  74  2    1.05553406025856   0 0 0
  74 12   0.572327043972966   0 0 0
  74 24   0.287747647223391   0 0 0
  74 48  0.0385888895442821   0 0 0
  75  0                   0 120 1 1
  75  2   0.935784425023944   0 0 0
  75 12   0.682844820839668   0 0 0
  75 24   0.326475951204751   0 0 0
  75 48    0.13878899698075   0 0 0
  76  0                   0 120 1 1
  76  2   0.945075260725191   0 0 0
  76 12   0.612711592601716   0 0 0
  76 24   0.333980474410333   0 0 0
  76 48  0.0718520906062433   0 0 0
  77  0                   0 120 1 1
  77  2    1.37276194777053   0 0 0
  77 12   0.787147752435933   0 0 0
  77 24   0.489300957867928   0 0 0
  77 48   0.149273094878312   0 0 0
  78  0                   0 120 1 1
  78  2   0.964921907007135   0 0 0
  78 12   0.401464772573738   0 0 0
  78 24   0.181581793129674   0 0 0
  78 48 0.00727918160965829   0 0 0
  79  0                   0 120 1 1
  79  2    1.37014889287282   0 0 0
  79 12    0.80849474672184   0 0 0
  79 24    0.40112386012545   0 0 0
  79 48    0.13897692296614   0 0 0
  80  0                   0 120 1 1
  80  2   0.663843578887613   0 0 0
  80 12   0.558922632109541   0 0 0
  80 24   0.382214669790844   0 0 0
  80 48   0.119955435533707   0 0 0
  81  0                   0 120 1 1
  81  2     1.5486859054497   0 0 0
  81 12   0.580689969733964   0 0 0
  81 24   0.236845500488942   0 0 0
  81 48 4.1597375901245e-05   0 0 0
  82  0                   0 120 1 1
  82  2   0.691655980871509   0 0 0
  82 12   0.627720131629702   0 0 0
  82 24   0.508081135956236   0 0 0
  82 48   0.262255251305914   0 0 0
  83  0                   0 120 1 1
  83  2    1.20496840154918   0 0 0
  83 12   0.739175772578986   0 0 0
  83 24   0.501750839856734   0 0 0
  83 48   0.154688495649664   0 0 0
  84  0                   0 120 1 1
  84  2     1.0019555694099   0 0 0
  84 12   0.471476225318513   0 0 0
  84 24   0.299840253894148   0 0 0
  84 48  0.0555565022951238   0 0 0
  85  0                   0 120 1 1
  85  2   0.593669077767893   0 0 0
  85 12   0.668297331249959   0 0 0
  85 24    0.39471364851527   0 0 0
  85 48   0.118533074385767   0 0 0
  86  0                   0 120 1 1
  86  2   0.913366696920112   0 0 0
  86 12   0.836440418036726   0 0 0
  86 24   0.348267333435678   0 0 0
  86 48   0.132859775436291   0 0 0
  87  0                   0 120 1 1
  87  2    1.43457448780348   0 0 0
  87 12    1.16887321837975   0 0 0
  87 24   0.715013766487996   0 0 0
  87 48   0.297909224652351   0 0 0
  88  0                   0 120 1 1
  88  2    1.10457663038112   0 0 0
  88 12   0.876142667574612   0 0 0
  88 24   0.542667062025646   0 0 0
  88 48   0.161151673927635   0 0 0
  89  0                   0 120 1 1
  89  2   0.900784290441989   0 0 0
  89 12    0.46790028216537   0 0 0
  89 24   0.223887818295318   0 0 0
  89 48   0.135749786776775   0 0 0
  90  0                   0 120 1 1
  90  2    1.15292685154783   0 0 0
  90 12   0.636660239481648   0 0 0
  90 24    0.43742164457485   0 0 0
  90 48   0.109022019150676   0 0 0
  91  0                   0 120 1 1
  91  2    1.33576240303209   0 0 0
  91 12    0.69876686477884   0 0 0
  91 24    0.34440354021531   0 0 0
  91 48  0.0123500754099664   0 0 0
  92  0                   0 120 1 1
  92  2    1.11709097537058   0 0 0
  92 12   0.715052936660874   0 0 0
  92 24   0.581548165587507   0 0 0
  92 48   0.192293163213755   0 0 0
  93  0                   0 120 1 1
  93  2    1.32013577629723   0 0 0
  93 12   0.899076645115362   0 0 0
  93 24   0.622477383732386   0 0 0
  93 48   0.308245556219438   0 0 0
  94  0                   0 120 1 1
  94  2    1.10863830785949   0 0 0
  94 12   0.758889095700044   0 0 0
  94 24    0.44326798280525   0 0 0
  94 48   0.259935933496146   0 0 0
  95  0                   0 120 1 1
  95  2    1.39738879952419   0 0 0
  95 12    0.84295967783802   0 0 0
  95 24    0.40582969617689   0 0 0
  95 48  0.0682067293613005   0 0 0
  96  0                   0 120 1 1
  96  2    1.52760042803056   0 0 0
  96 12   0.729776004261076   0 0 0
  96 24   0.274568509023017   0 0 0
  96 48  0.0571728522646721   0 0 0
  97  0                   0 120 1 1
  97  2   0.938296314242797   0 0 0
  97 12    0.65756292455215   0 0 0
  97 24   0.281648242936191   0 0 0
  97 48   0.106090593416001   0 0 0
  98  0                   0 120 1 1
  98  2    1.21081707476786   0 0 0
  98 12   0.475229004216952   0 0 0
  98 24  0.0909694417721987   0 0 0
  98 48  0.0198156023255344   0 0 0
  99  0                   0 120 1 1
  99  2   0.782831385553914   0 0 0
  99 12   0.724710365437566   0 0 0
  99 24    0.45124216066814   0 0 0
  99 48    0.22797736401629   0 0 0
 100  0                   0 120 1 1
 100  2   0.882571949795305   0 0 0
 100 12   0.723327976097057   0 0 0
 100 24   0.424885068195159   0 0 0
 100 48    0.16098485973221   0 0 0
