   1   0                   0 120 1 1
   1 0.5   0.602411209564168   0 0 0
   1   1   0.899641184276739   0 0 0
   1   2    1.04265633645323   0 0 0
   1   4   0.920458152962308   0 0 0
   1   6   0.781780908589598   0 0 0
   1   8    0.71688749696558   0 0 0
   1  12   0.560759346119099   0 0 0
   1  24   0.347874618187808   0 0 0
   1  48   0.139232447501109   0 0 0
   2   0                   0 120 1 1
   2 0.5   0.576914223806211   0 0 0
   2   1   0.816115677318521   0 0 0
   2   2   0.941150394075228   0 0 0
   2   4    1.04580975073317   0 0 0
   2   6    1.00573003148416   0 0 0
   2   8    1.08431781567573   0 0 0
   2  12   0.943598539904793   0 0 0
   2  24   0.610709896104436   0 0 0
   2  48   0.318236964025295   0 0 0
   3   0                   0 120 1 1
   3 0.5   0.866066903785628   0 0 0
   3   1    1.18378968376243   0 0 0
   3   2    1.18359346857933   0 0 0
   3   4    1.36445439833449   0 0 0
   3   6    1.11116170294338   0 0 0
   3   8    1.08000208305065   0 0 0
   3  12   0.811874284325567   0 0 0
   3  24   0.481213137498679   0 0 0
   3  48   0.142170877063255   0 0 0
   4   0                   0 120 1 1
   4 0.5   0.883831376821144   0 0 0
   4   1    1.08284178740815   0 0 0
   4   2    1.28758436300116   0 0 0
   4   4    1.08362281937663   0 0 0
   4   6   0.920747117198733   0 0 0
   4   8   0.664957424019763   0 0 0
   4  12   0.471279520168572   0 0 0
   4  24   0.109531721443168   0 0 0
   4  48 0.00798514780187933   0 0 0
   5   0                   0 120 1 1
   5 0.5    0.73861223996252   0 0 0
   5   1   0.929001414078341   0 0 0
   5   2    1.01984866597304   0 0 0
   5   4   0.956129099196443   0 0 0
   5   6   0.959901998432508   0 0 0
   5   8   0.925458702888661   0 0 0
   5  12   0.763834010276662   0 0 0
   5  24   0.369384095336596   0 0 0
   5  48   0.106109608503252   0 0 0
   6   0                   0 120 1 1
   6 0.5   0.450275629863081   0 0 0
   6   1    0.85390423085887   0 0 0
   6   2    1.15320245902956   0 0 0
   6   4    1.15526608637141   0 0 0
   6   6    1.19813875779714   0 0 0
   6   8    1.01759267969825   0 0 0
   6  12   0.855897619729588   0 0 0
   6  24   0.365670655151637   0 0 0
   6  48  0.0641009706513533   0 0 0
   7   0                   0 120 1 1
   7 0.5    0.58876506294392   0 0 0
   7   1   0.875306951966998   0 0 0
   7   2   0.926868538568162   0 0 0
   7   4    1.19453489069412   0 0 0
   7   6    1.10006290198369   0 0 0
   7   8     1.0221041625387   0 0 0
   7  12   0.788039741012951   0 0 0
   7  24   0.497394232287885   0 0 0
   7  48   0.184932351674976   0 0 0
   8   0                   0 120 1 1
   8 0.5    0.81314430492922   0 0 0
   8   1    1.07107921913926   0 0 0
   8   2    1.26000947299255   0 0 0
   8   4     1.1691681960974   0 0 0
   8   6   0.975683228785479   0 0 0
   8   8    1.00228829786406   0 0 0
   8  12   0.891178755883836   0 0 0
   8  24   0.515217143429593   0 0 0
   8  48   0.175172603205717   0 0 0
   9   0                   0 120 1 1
   9 0.5    0.43528617731059   0 0 0
   9   1   0.693323765536635   0 0 0
   9   2   0.799001889517505   0 0 0
   9   4     0.9968479940376   0 0 0
   9   6   0.819716643870348   0 0 0
   9   8   0.706039942483311   0 0 0
   9  12   0.471067574607218   0 0 0
   9  24   0.145206659531162   0 0 0
   9  48  0.0109988392178848   0 0 0
  10   0                   0 120 1 1
  10 0.5   0.938478736367328   0 0 0
  10   1    1.38688306061652   0 0 0
  10   2    1.43178676143472   0 0 0
  10   4    1.44158920799532   0 0 0
  10   6    1.42710758684176   0 0 0
  10   8    1.11893315426545   0 0 0
  10  12   0.945236216793253   0 0 0
  10  24   0.527438970271516   0 0 0
  10  48   0.152366188936174   0 0 0
  11   0                   0 120 1 1
  11 0.5   0.614858488714291   0 0 0
  11   1   0.863424356899524   0 0 0
  11   2   0.975732446072818   0 0 0
  11   4   0.944578733920001   0 0 0
  11   6   0.835211455367092   0 0 0
  11   8   0.676606358055818   0 0 0
  11  12   0.462537017361852   0 0 0
  11  24   0.137345783672291   0 0 0
  11  48  0.0103513257945226   0 0 0
  12   0                   0 120 1 1
  12 0.5    1.52933869670317   0 0 0
  12   1    1.70898211433543   0 0 0
  12   2    1.42322757910175   0 0 0
  12   4   0.998986447799878   0 0 0
  12   6   0.821217696024596   0 0 0
  12   8   0.676371792634201   0 0 0
  12  12   0.541764931011342   0 0 0
  12  24   0.213547798208879   0 0 0
  12  48  0.0348825678803861   0 0 0
  13   0                   0 120 1 1
  13 0.5   0.940381159546804   0 0 0
  13   1    1.33925821480839   0 0 0
  13   2    1.48752695696341   0 0 0
  13   4    1.45446978004298   0 0 0
  13   6    1.39503167754836   0 0 0
  13   8    1.19332765081845   0 0 0
  13  12   0.951689390358564   0 0 0
  13  24   0.478270842551979   0 0 0
  13  48   0.110372545911102   0 0 0
  14   0                   0 120 1 1
  14 0.5     1.1702321890343   0 0 0
  14   1    1.35812071056669   0 0 0
  14   2    1.02844313657011   0 0 0
  14   4   0.938049671313788   0 0 0
  14   6   0.782616412422711   0 0 0
  14   8   0.760855176678423   0 0 0
  14  12   0.600212535974776   0 0 0
  14  24   0.361679265790042   0 0 0
  14  48     0.1026042944571   0 0 0
  15   0                   0 120 1 1
  15 0.5   0.780646784202021   0 0 0
  15   1    1.03574648192529   0 0 0
  15   2    1.43417943558508   0 0 0
  15   4    1.20506252440883   0 0 0
  15   6    1.09695756715988   0 0 0
  15   8    1.00536317218964   0 0 0
  15  12   0.855494803663108   0 0 0
  15  24   0.658772562190226   0 0 0
  15  48   0.287595940927616   0 0 0
  16   0                   0 120 1 1
  16 0.5   0.543317901450701   0 0 0
  16   1   0.925632911491135   0 0 0
  16   2    1.04625394819289   0 0 0
  16   4    1.10359119196317   0 0 0
  16   6    1.18698989966875   0 0 0
  16   8   0.899468871112184   0 0 0
  16  12   0.827660979782665   0 0 0
  16  24   0.482090302501862   0 0 0
  16  48      0.195740034745   0 0 0
  17   0                   0 120 1 1
  17 0.5   0.780508246011157   0 0 0
  17   1   0.964624236415975   0 0 0
  17   2    1.16832975550984   0 0 0
  17   4    1.32588085111762   0 0 0
  17   6    1.27935348406988   0 0 0
  17   8    1.01277641085513   0 0 0
  17  12   0.798587447569004   0 0 0
  17  24   0.422948845423832   0 0 0
  17  48  0.0994049585332055   0 0 0
  18   0                   0 120 1 1
  18 0.5   0.595706283407735   0 0 0
  18   1    0.69411097398474   0 0 0
  18   2   0.883302913758344   0 0 0
  18   4   0.904165249766636   0 0 0
  18   6   0.794594043339444   0 0 0
  18   8   0.801014215609468   0 0 0
  18  12   0.625482958216255   0 0 0
  18  24   0.236591132392834   0 0 0
  18  48  0.0405345560459621   0 0 0
  19   0                   0 120 1 1
  19 0.5   0.340671414979962   0 0 0
  19   1   0.553020805596165   0 0 0
  19   2   0.742273765556721   0 0 0
  19   4   0.937511322752834   0 0 0
  19   6   0.943428625160645   0 0 0
  19   8    0.77365581945808   0 0 0
  19  12   0.640094402966916   0 0 0
  19  24   0.258952099295403   0 0 0
  19  48  0.0335589346901142   0 0 0
  20   0                   0 120 1 1
  20 0.5   0.695208192465285   0 0 0
  20   1   0.981116695319457   0 0 0
  20   2    1.12711720666899   0 0 0
  20   4    1.14280195676514   0 0 0
  20   6   0.988063883915793   0 0 0
  20   8   0.923621536501007   0 0 0
  20  12   0.770804880433423   0 0 0
  20  24   0.306032583129067   0 0 0
  20  48  0.0643903013627795   0 0 0
  21   0                   0 120 1 1
  21 0.5   0.922615698870314   0 0 0
  21   1    1.21675037525594   0 0 0
  21   2    1.04961473701299   0 0 0
  21   4   0.940542267592862   0 0 0
  21   6   0.793192277493311   0 0 0
  21   8   0.717482682642877   0 0 0
  21  12   0.547098947384414   0 0 0
  21  24   0.214324868705007   0 0 0
  21  48  0.0350984749782924   0 0 0
  22   0                   0 120 1 1
  22 0.5   0.953241590726929   0 0 0
  22   1    1.13361210823849   0 0 0
  22   2    1.14192407236616   0 0 0
  22   4    1.14864185788245   0 0 0
  22   6   0.917087159936815   0 0 0
  22   8   0.869688696112881   0 0 0
  22  12   0.797252720558138   0 0 0
  22  24     0.4484204251827   0 0 0
  22  48   0.159530459879517   0 0 0
  23   0                   0 120 1 1
  23 0.5    1.17471472192706   0 0 0
  23   1    1.53427411900307   0 0 0
  23   2    1.48882885608942   0 0 0
  23   4    1.12957752251111   0 0 0
  23   6    1.01048948557506   0 0 0
  23   8   0.955212343979014   0 0 0
  23  12   0.731503846366769   0 0 0
  23  24   0.414610315628825   0 0 0
  23  48   0.159008520163568   0 0 0
  24   0                   0 120 1 1
  24 0.5   0.433651506590479   0 0 0
  24   1   0.700196884921832   0 0 0
  24   2   0.740482379626267   0 0 0
  24   4   0.665447228558874   0 0 0
  24   6   0.634373593896425   0 0 0
  24   8   0.578261470083663   0 0 0
  24  12   0.434848344613091   0 0 0
  24  24   0.227276993896789   0 0 0
  24  48  0.0499717107596251   0 0 0
  25   0                   0 120 1 1
  25 0.5   0.569656569971412   0 0 0
  25   1   0.823452683142592   0 0 0
  25   2   0.944535452476412   0 0 0
  25   4    0.96303626636827   0 0 0
  25   6   0.797060448200508   0 0 0
  25   8   0.770429191319903   0 0 0
  25  12   0.577991502095136   0 0 0
  25  24   0.308908963388994   0 0 0
  25  48  0.0772034224859891   0 0 0
  26   0                   0 120 1 1
  26 0.5   0.526697702047845   0 0 0
  26   1   0.800253935722373   0 0 0
  26   2    1.04863511860428   0 0 0
  26   4    1.11147838542058   0 0 0
  26   6    1.13692948766135   0 0 0
  26   8    1.02317353434473   0 0 0
  26  12   0.791890527293811   0 0 0
  26  24   0.434479780466858   0 0 0
  26  48    0.12228193848304   0 0 0
  27   0                   0 120 1 1
  27 0.5   0.515857284593453   0 0 0
  27   1   0.707890545628224   0 0 0
  27   2   0.869118059767601   0 0 0
  27   4   0.932595386765493   0 0 0
  27   6   0.888391918245247   0 0 0
  27   8   0.742256929394085   0 0 0
  27  12   0.558123367385121   0 0 0
  27  24   0.243411755007706   0 0 0
  27  48  0.0355670464634665   0 0 0
  28   0                   0 120 1 1
  28 0.5   0.732997206107063   0 0 0
  28   1     1.0329134284806   0 0 0
  28   2    1.28414729179505   0 0 0
  28   4    1.34176820150594   0 0 0
  28   6     1.2120232864005   0 0 0
  28   8    1.12255503838563   0 0 0
  28  12   0.913823874465695   0 0 0
  28  24   0.462322244958757   0 0 0
  28  48   0.118638360733879   0 0 0
  29   0                   0 120 1 1
  29 0.5   0.994598005005465   0 0 0
  29   1    1.28491355597445   0 0 0
  29   2    1.47115279403874   0 0 0
  29   4    1.34112937818422   0 0 0
  29   6    1.13426636690594   0 0 0
  29   8   0.948064875794056   0 0 0
  29  12   0.751574928535356   0 0 0
  29  24   0.297284771193603   0 0 0
  29  48  0.0537382740252616   0 0 0
  30   0                   0 120 1 1
  30 0.5   0.818845680568255   0 0 0
  30   1    1.18887122763806   0 0 0
  30   2    1.27869191171421   0 0 0
  30   4    1.26127890677029   0 0 0
  30   6    1.32505221468992   0 0 0
  30   8     1.1617958428706   0 0 0
  30  12   0.911889332310017   0 0 0
  30  24   0.517282130640991   0 0 0
  30  48   0.148099977835853   0 0 0
  31   0                   0 120 1 1
  31 0.5   0.602921352462849   0 0 0
  31   1   0.870384618713613   0 0 0
  31   2   0.911739842615756   0 0 0
  31   4   0.807890079449335   0 0 0
  31   6   0.790516804739567   0 0 0
  31   8   0.713000404583778   0 0 0
  31  12   0.600251478882364   0 0 0
  31  24   0.422183264698652   0 0 0
  31  48   0.194606592193081   0 0 0
  32   0                   0 120 1 1
  32 0.5    0.51662983742216   0 0 0
  32   1   0.646241653909967   0 0 0
  32   2   0.803756414052008   0 0 0
  32   4   0.791518851503562   0 0 0
  32   6    0.71047724316918   0 0 0
  32   8   0.564643748904534   0 0 0
  32  12   0.479943568379755   0 0 0
  32  24   0.229732639368556   0 0 0
  32  48  0.0418313072249599   0 0 0
  33   0                   0 120 1 1
  33 0.5   0.949295407941244   0 0 0
  33   1   0.931206832011157   0 0 0
  33   2    0.97075258407837   0 0 0
  33   4   0.804912815857303   0 0 0
  33   6   0.792716560765581   0 0 0
  33   8   0.594914858249962   0 0 0
  33  12   0.396629769266595   0 0 0
  33  24   0.137913737100859   0 0 0
  33  48  0.0174508617528323   0 0 0
  34   0                   0 120 1 1
  34 0.5   0.676274622851808   0 0 0
  34   1   0.877760684400197   0 0 0
  34   2    1.10381461891041   0 0 0
  34   4    1.13960284136038   0 0 0
  34   6    1.08778616809968   0 0 0
  34   8   0.913950135674483   0 0 0
  34  12   0.747397812176486   0 0 0
  34  24   0.370220227792075   0 0 0
  34  48  0.0808691903716901   0 0 0
  35   0                   0 120 1 1
  35 0.5   0.486764603039427   0 0 0
  35   1   0.601860688142256   0 0 0
  35   2   0.778747873774819   0 0 0
  35   4    1.03846530619923   0 0 0
  35   6   0.983266670326908   0 0 0
  35   8   0.975200983711389   0 0 0
  35  12   0.731624585006074   0 0 0
  35  24   0.491864948293458   0 0 0
  35  48   0.178392900273421   0 0 0
  36   0                   0 120 1 1
  36 0.5   0.834667433678104   0 0 0
  36   1     1.2605284474976   0 0 0
  36   2    1.63681489622123   0 0 0
  36   4     1.4620235600162   0 0 0
  36   6    1.39642115600869   0 0 0
  36   8    1.19496036611214   0 0 0
  36  12   0.930472737398357   0 0 0
  36  24   0.503349806772834   0 0 0
  36  48    0.11378083678167   0 0 0
  37   0                   0 120 1 1
  37 0.5   0.477947281534401   0 0 0
  37   1   0.728066723484867   0 0 0
  37   2    1.02544056923214   0 0 0
  37   4    1.01927531291505   0 0 0
  37   6   0.903365330648441   0 0 0
  37   8   0.987529009957551   0 0 0
  37  12   0.755624006260928   0 0 0
  37  24   0.434253578546488   0 0 0
  37  48   0.144678161647013   0 0 0
  38   0                   0 120 1 1
  38 0.5    1.09757456441595   0 0 0
  38   1    1.37126094834142   0 0 0
  38   2     1.3570533828572   0 0 0
  38   4    1.13020514188246   0 0 0
  38   6    1.00778211320402   0 0 0
  38   8   0.871656456792633   0 0 0
  38  12   0.692051283150204   0 0 0
  38  24   0.517421819714522   0 0 0
  38  48   0.151569648376578   0 0 0
  39   0                   0 120 1 1
  39 0.5   0.573559415474586   0 0 0
  39   1    0.87027689221657   0 0 0
  39   2    1.09055416868148   0 0 0
  39   4   0.940242201032153   0 0 0
  39   6   0.898348777460691   0 0 0
  39   8   0.802492601340922   0 0 0
  39  12   0.646989717437489   0 0 0
  39  24   0.451269118281096   0 0 0
  39  48   0.162228165966084   0 0 0
  40   0                   0 120 1 1
  40 0.5    0.47564167547704   0 0 0
  40   1   0.654625679877146   0 0 0
  40   2   0.677045232470972   0 0 0
  40   4   0.718797373653782   0 0 0
  40   6   0.658386378363916   0 0 0
  40   8   0.630544877309161   0 0 0
  40  12   0.550387547282938   0 0 0
  40  24   0.350435693231971   0 0 0
  40  48   0.159448971310042   0 0 0
  41   0                   0 120 1 1
  41 0.5   0.570078881085573   0 0 0
  41   1   0.765294295647522   0 0 0
  41   2    1.01223324803304   0 0 0
  41   4   0.963042741244413   0 0 0
  41   6   0.932606428819773   0 0 0
  41   8   0.897561366867411   0 0 0
  41  12   0.677150685665648   0 0 0
  41  24   0.400526461804737   0 0 0
  41  48   0.128449522939525   0 0 0
  42   0                   0 120 1 1
  42 0.5   0.363156423132788   0 0 0
  42   1    0.55366835486084   0 0 0
  42   2   0.737589612440943   0 0 0
  42   4   0.858500194659604   0 0 0
  42   6   0.883461756647404   0 0 0
  42   8   0.803735592170457   0 0 0
  42  12   0.737862899772331   0 0 0
  42  24   0.380048347355121   0 0 0
  42  48   0.119257370042996   0 0 0
  43   0                   0 120 1 1
  43 0.5   0.636765275185458   0 0 0
  43   1    0.90800625918954   0 0 0
  43   2    1.05155593789944   0 0 0
  43   4   0.922179064307551   0 0 0
  43   6   0.898634617335393   0 0 0
  43   8   0.780358079665937   0 0 0
  43  12   0.662535961361235   0 0 0
  43  24   0.411762801197495   0 0 0
  43  48   0.146177267039075   0 0 0
  44   0                   0 120 1 1
  44 0.5    1.05936897406663   0 0 0
  44   1    1.20840242927125   0 0 0
  44   2    1.08513731020491   0 0 0
  44   4   0.821910220909259   0 0 0
  44   6   0.772252685410943   0 0 0
  44   8   0.690872921419027   0 0 0
  44  12    0.57286984965459   0 0 0
  44  24   0.290152825156195   0 0 0
  44  48  0.0858961455203321   0 0 0
  45   0                   0 120 1 1
  45 0.5     1.2272847323022   0 0 0
  45   1    1.52702958857409   0 0 0
  45   2    1.36325714074863   0 0 0
  45   4    1.04676482712776   0 0 0
  45   6     1.0748737705585   0 0 0
  45   8    1.09055918229142   0 0 0
  45  12   0.852668952382563   0 0 0
  45  24   0.580989757515719   0 0 0
  45  48   0.254642424862923   0 0 0
  46   0                   0 120 1 1
  46 0.5   0.440565183896984   0 0 0
  46   1   0.695346770330707   0 0 0
  46   2    1.03662969982914   0 0 0
  46   4    1.15702289955638   0 0 0
  46   6    1.13196150349334   0 0 0
  46   8    1.05763827173087   0 0 0
  46  12   0.804817899861412   0 0 0
  46  24   0.385406603755564   0 0 0
  46  48  0.0938323709901841   0 0 0
  47   0                   0 120 1 1
  47 0.5   0.757869411048942   0 0 0
  47   1    1.10596943448154   0 0 0
  47   2    1.20056548362661   0 0 0
  47   4     1.3046150343064   0 0 0
  47   6    1.25210348071053   0 0 0
  47   8    1.07882453109016   0 0 0
  47  12   0.927329394770688   0 0 0
  47  24   0.600245330890017   0 0 0
  47  48   0.200346485244221   0 0 0
  48   0                   0 120 1 1
  48 0.5   0.946490262999515   0 0 0
  48   1    1.12774970988262   0 0 0
  48   2    1.30985489749417   0 0 0
  48   4    1.21785589406191   0 0 0
  48   6    1.19034646140339   0 0 0
  48   8    1.03903961621507   0 0 0
  48  12   0.686102495392671   0 0 0
  48  24   0.264572055693506   0 0 0
  48  48  0.0409375204932701   0 0 0
  49   0                   0 120 1 1
  49 0.5    1.14605601540282   0 0 0
  49   1    1.62781891453865   0 0 0
  49   2     1.5385794225646   0 0 0
  49   4    1.55066158793629   0 0 0
  49   6    1.44855146481153   0 0 0
  49   8    1.37170205243099   0 0 0
  49  12    1.03842212647914   0 0 0
  49  24   0.795099938876987   0 0 0
  49  48   0.318427063184134   0 0 0
  50   0                   0 120 1 1
  50 0.5    0.68675667671318   0 0 0
  50   1   0.971941178811461   0 0 0
  50   2    1.32135188793623   0 0 0
  50   4    1.52858988912398   0 0 0
  50   6    1.53282953863287   0 0 0
  50   8    1.49470179469792   0 0 0
  50  12    1.14598293293386   0 0 0
  50  24   0.672050275074951   0 0 0
  50  48   0.215206595785619   0 0 0
  51   0                   0 120 1 1
  51 0.5   0.806326463763136   0 0 0
  51   1    1.23560560312825   0 0 0
  51   2     1.3387416613974   0 0 0
  51   4     1.6022020965939   0 0 0
  51   6      1.423349377856   0 0 0
  51   8    1.42588062185481   0 0 0
  51  12    1.14730045084299   0 0 0
  51  24   0.791188614710892   0 0 0
  51  48   0.339266182608388   0 0 0
  52   0                   0 120 1 1
  52 0.5   0.839446068171618   0 0 0
  52   1     1.1068464233459   0 0 0
  52   2    1.43942905315017   0 0 0
  52   4    1.42472703656866   0 0 0
  52   6    1.22763779640732   0 0 0
  52   8    1.05801151984334   0 0 0
  52  12   0.777010970332937   0 0 0
  52  24   0.298766045985473   0 0 0
  52  48  0.0480768277409002   0 0 0
  53   0                   0 120 1 1
  53 0.5    0.53377116713386   0 0 0
  53   1   0.742349061806811   0 0 0
  53   2   0.832406167522832   0 0 0
  53   4   0.873182168656162   0 0 0
  53   6   0.770598394414404   0 0 0
  53   8   0.735833148971805   0 0 0
  53  12   0.631701829123159   0 0 0
  53  24   0.420850335895506   0 0 0
  53  48   0.212180754121979   0 0 0
  54   0                   0 120 1 1
  54 0.5    0.50716440375463   0 0 0
  54   1   0.646906249804044   0 0 0
  54   2   0.790964918896851   0 0 0
  54   4   0.862359015324698   0 0 0
  54   6   0.802161158137088   0 0 0
  54   8   0.758585802763344   0 0 0
  54  12   0.654025293041531   0 0 0
  54  24   0.583761032285348   0 0 0
  54  48   0.367751413752845   0 0 0
  55   0                   0 120 1 1
  55 0.5   0.606117868208952   0 0 0
  55   1   0.874059474161008   0 0 0
  55   2    1.02454871174239   0 0 0
  55   4    1.02884497544278   0 0 0
  55   6   0.933091847736102   0 0 0
  55   8    0.83406781964299   0 0 0
  55  12   0.595011301784751   0 0 0
  55  24   0.310271525094169   0 0 0
  55  48  0.0566489758709076   0 0 0
  56   0                   0 120 1 1
  56 0.5   0.908024432886556   0 0 0
  56   1    1.10841378660099   0 0 0
  56   2   0.990413196840695   0 0 0
  56   4    0.96762599616517   0 0 0
  56   6   0.811237712640123   0 0 0
  56   8   0.720285871436378   0 0 0
  56  12   0.551451200299109   0 0 0
  56  24   0.316752944991604   0 0 0
  56  48  0.0847778572331934   0 0 0
  57   0                   0 120 1 1
  57 0.5    0.75116047502168   0 0 0
  57   1   0.997069188019686   0 0 0
  57   2   0.992687492712059   0 0 0
  57   4   0.841837893192358   0 0 0
  57   6   0.745933510279455   0 0 0
  57   8   0.659508368861114   0 0 0
  57  12    0.37763423468345   0 0 0
  57  24   0.118869088699414   0 0 0
  57  48  0.0122959984469095   0 0 0
  58   0                   0 120 1 1
  58 0.5   0.990121379784034   0 0 0
  58   1    1.45597634642281   0 0 0
  58   2    1.59988459761017   0 0 0
  58   4    1.64125033106659   0 0 0
  58   6    1.43991847602664   0 0 0
  58   8    1.32910183126268   0 0 0
  58  12    1.18838460690868   0 0 0
  58  24     0.5890459684139   0 0 0
  58  48   0.168611449175486   0 0 0
  59   0                   0 120 1 1
  59 0.5    1.05537274891341   0 0 0
  59   1    1.21945184541014   0 0 0
  59   2    1.20885029623081   0 0 0
  59   4    1.27313113898933   0 0 0
  59   6    1.14283074920997   0 0 0
  59   8   0.983927438104493   0 0 0
  59  12   0.897914518678292   0 0 0
  59  24   0.474281784034426   0 0 0
  59  48   0.154717466097018   0 0 0
  60   0                   0 120 1 1
  60 0.5   0.591166528102506   0 0 0
  60   1   0.870344123907391   0 0 0
  60   2    1.02858188026472   0 0 0
  60   4    1.13024886443476   0 0 0
  60   6    1.05955140671587   0 0 0
  60   8   0.894203636501447   0 0 0
  60  12    0.75190119836374   0 0 0
  60  24   0.357337219964495   0 0 0
  60  48  0.0798444338566291   0 0 0
  61   0                   0 120 1 1
  61 0.5   0.594220139400582   0 0 0
  61   1    0.83821677858382   0 0 0
  61   2   0.948412554141519   0 0 0
  61   4   0.840155065223409   0 0 0
  61   6   0.635887684458904   0 0 0
  61   8   0.563637887418242   0 0 0
  61  12   0.398553878249497   0 0 0
  61  24   0.155792276622204   0 0 0
  61  48  0.0227665339543781   0 0 0
  62   0                   0 120 1 1
  62 0.5   0.634639590911442   0 0 0
  62   1   0.875558083621968   0 0 0
  62   2    1.04331676380713   0 0 0
  62   4    1.18516995141159   0 0 0
  62   6    1.04218612334192   0 0 0
  62   8   0.931069988705658   0 0 0
  62  12   0.745935429989895   0 0 0
  62  24   0.305986441569972   0 0 0
  62  48  0.0638161847610404   0 0 0
  63   0                   0 120 1 1
  63 0.5   0.756049157928677   0 0 0
  63   1   0.919846066161443   0 0 0
  63   2    1.12793456910702   0 0 0
  63   4   0.961737990765575   0 0 0
  63   6   0.857617750407408   0 0 0
  63   8   0.840272065079285   0 0 0
  63  12   0.706155537299037   0 0 0
  63  24   0.437079211584507   0 0 0
  63  48   0.171351002122964   0 0 0
  64   0                   0 120 1 1
  64 0.5    1.14648617847508   0 0 0
  64   1    1.43650715410966   0 0 0
  64   2    1.69819213013632   0 0 0
  64   4    1.39753659616581   0 0 0
  64   6    1.27453863703674   0 0 0
  64   8    1.15222074494832   0 0 0
  64  12   0.786785643384792   0 0 0
  64  24    0.30450734979384   0 0 0
  64  48  0.0403009645620653   0 0 0
  65   0                   0 120 1 1
  65 0.5   0.670457832906607   0 0 0
  65   1   0.889779940765036   0 0 0
  65   2    1.07141490862665   0 0 0
  65   4   0.965726175381562   0 0 0
  65   6    1.10218813531482   0 0 0
  65   8   0.910810840291035   0 0 0
  65  12   0.772093485880512   0 0 0
  65  24   0.373760278150735   0 0 0
  65  48   0.107208230779216   0 0 0
  66   0                   0 120 1 1
  66 0.5   0.760741013319484   0 0 0
  66   1   0.952516175975788   0 0 0
  66   2     1.2178302396903   0 0 0
  66   4    1.22636140879846   0 0 0
  66   6    1.11569911247712   0 0 0
  66   8   0.999035529498404   0 0 0
  66  12   0.747656601926217   0 0 0
  66  24   0.285397696685837   0 0 0
  66  48  0.0446160643689297   0 0 0
  67   0                   0 120 1 1
  67 0.5    1.28084989133012   0 0 0
  67   1    1.74867067108696   0 0 0
  67   2    1.54611700644998   0 0 0
  67   4    1.40868865366923   0 0 0
  67   6    1.37801538419405   0 0 0
  67   8    1.11037048736178   0 0 0
  67  12   0.872456227470034   0 0 0
  67  24   0.428677420330619   0 0 0
  67  48  0.0935158010850363   0 0 0
  68   0                   0 120 1 1
  68 0.5   0.686022704666471   0 0 0
  68   1   0.918954324858742   0 0 0
  68   2    1.21063811388721   0 0 0
  68   4    1.17738064364356   0 0 0
  68   6    1.16175286936951   0 0 0
  68   8    1.00199093824387   0 0 0
  68  12   0.873536143029988   0 0 0
  68  24   0.526941034400742   0 0 0
  68  48   0.156375554613311   0 0 0
  69   0                   0 120 1 1
  69 0.5   0.468186681794349   0 0 0
  69   1   0.739520893377943   0 0 0
  69   2    1.00739738419713   0 0 0
  69   4    1.06951717142416   0 0 0
  69   6   0.952974640389167   0 0 0
  69   8   0.857386740964311   0 0 0
  69  12   0.589256875071947   0 0 0
  69  24   0.201550600598891   0 0 0
  69  48    0.02776439159353   0 0 0
  70   0                   0 120 1 1
  70 0.5   0.472921961969401   0 0 0
  70   1   0.667863875219597   0 0 0
  70   2    1.09411776859084   0 0 0
  70   4    1.13455206809289   0 0 0
  70   6     1.0393495692361   0 0 0
  70   8    1.00285848166806   0 0 0
  70  12   0.789359937840611   0 0 0
  70  24   0.411083474560592   0 0 0
  70  48  0.0880473418985803   0 0 0
  71   0                   0 120 1 1
  71 0.5   0.985457374376498   0 0 0
  71   1    1.35744631889801   0 0 0
  71   2    1.31332125509535   0 0 0
  71   4    1.34867754654003   0 0 0
  71   6    1.07729006355946   0 0 0
  71   8    1.13338379329353   0 0 0
  71  12   0.845258177248445   0 0 0
  71  24   0.536696366222095   0 0 0
  71  48   0.211579165924635   0 0 0
  72   0                   0 120 1 1
  72 0.5   0.539782651810188   0 0 0
  72   1   0.850291996796964   0 0 0
  72   2   0.990705418256018   0 0 0
  72   4   0.951742936220357   0 0 0
  72   6   0.923144143852802   0 0 0
  72   8   0.785132607475204   0 0 0
  72  12   0.592417882351127   0 0 0
  72  24   0.283811679510403   0 0 0
  72  48  0.0756239103129407   0 0 0
  73   0                   0 120 1 1
  73 0.5   0.859143575270479   0 0 0
  73   1     1.0958477264137   0 0 0
  73   2   0.956693835696707   0 0 0
  73   4   0.796034404964077   0 0 0
  73   6   0.720609762479795   0 0 0
  73   8   0.619363199545425   0 0 0
  73  12   0.499607630766111   0 0 0
  73  24   0.282503349735374   0 0 0
  73  48  0.0845196279321779   0 0 0
  74   0                   0 120 1 1
  74 0.5    1.15142794532224   0 0 0
  74   1    1.33508781273957   0 0 0
  74   2    1.10305192245916   0 0 0
  74   4   0.949976110736772   0 0 0
  74   6   0.869517139249507   0 0 0
  74   8   0.767970032897183   0 0 0
  74  12   0.628340206283171   0 0 0
  74  24   0.419846905717199   0 0 0
  74  48   0.182234097501733   0 0 0
  75   0                   0 120 1 1
  75 0.5   0.587389456823074   0 0 0
  75   1    0.84026375641916   0 0 0
  75   2   0.945039608924588   0 0 0
  75   4   0.977326036847358   0 0 0
  75   6   0.869042917188148   0 0 0
  75   8   0.830970882295164   0 0 0
  75  12   0.688159759233482   0 0 0
  75  24   0.440751453001119   0 0 0
  75  48   0.156729409529232   0 0 0
  76   0                   0 120 1 1
  76 0.5   0.761913836095301   0 0 0
  76   1   0.987762427748318   0 0 0
  76   2    1.05416949133323   0 0 0
  76   4   0.973558101885378   0 0 0
  76   6   0.927513263043012   0 0 0
  76   8   0.884442245154664   0 0 0
  76  12   0.666957750947053   0 0 0
  76  24   0.370328255904402   0 0 0
  76  48   0.142907785200033   0 0 0
  77   0                   0 120 1 1
  77 0.5   0.300933360319221   0 0 0
  77   1   0.612718819730951   0 0 0
  77   2   0.753933233891419   0 0 0
  77   4    1.04092137879325   0 0 0
  77   6   0.906011250005864   0 0 0
  77   8   0.886491013965914   0 0 0
  77  12   0.803091057688567   0 0 0
  77  24   0.417717351791727   0 0 0
  77  48   0.115432063530164   0 0 0
  78   0                   0 120 1 1
  78 0.5   0.934510096207732   0 0 0
  78   1    1.13526501307309   0 0 0
  78   2    1.12917161491522   0 0 0
  78   4    1.06788101015585   0 0 0
  78   6   0.845363034666881   0 0 0
  78   8    0.71354875249222   0 0 0
  78  12   0.434158990200677   0 0 0
  78  24   0.115314654061396   0 0 0
  78  48  0.0074448525586198   0 0 0
  79   0                   0 120 1 1
  79 0.5   0.706311006793915   0 0 0
  79   1   0.922374059567169   0 0 0
  79   2    1.06579766834263   0 0 0
  79   4   0.910898876066408   0 0 0
  79   6   0.777575338183868   0 0 0
  79   8   0.553486321983554   0 0 0
  79  12   0.336355741647375   0 0 0
  79  24  0.0869880445770831   0 0 0
  79  48  0.0049837000145197   0 0 0
  80   0                   0 120 1 1
  80 0.5    0.53870053557306   0 0 0
  80   1   0.791213120243053   0 0 0
  80   2    1.00765213812199   0 0 0
  80   4    1.11678907585037   0 0 0
  80   6    0.95455133110844   0 0 0
  80   8   0.877573391009514   0 0 0
  80  12   0.718557696006489   0 0 0
  80  24   0.312622186202668   0 0 0
  80  48  0.0580957118133056   0 0 0
  81   0                   0 120 1 1
  81 0.5   0.706972341926307   0 0 0
  81   1     1.0609927601278   0 0 0
  81   2    1.25552944155981   0 0 0
  81   4    1.09277975181718   0 0 0
  81   6   0.883189095506102   0 0 0
  81   8   0.871530402596307   0 0 0
  81  12   0.704834826275944   0 0 0
  81  24   0.413037009284437   0 0 0
  81  48   0.122385685241705   0 0 0
  82   0                   0 120 1 1
  82 0.5   0.626206522718956   0 0 0
  82   1    0.88249099913132   0 0 0
  82   2    1.15616779700494   0 0 0
  82   4    1.05135387983488   0 0 0
  82   6   0.861098261055535   0 0 0
  82   8   0.890941370565367   0 0 0
  82  12   0.565708747452215   0 0 0
  82  24   0.191264961488081   0 0 0
  82  48  0.0262626537209539   0 0 0
  83   0                   0 120 1 1
  83 0.5   0.957851541063001   0 0 0
  83   1    1.14680783885211   0 0 0
  83   2    1.01997826455641   0 0 0
  83   4   0.931492451713758   0 0 0
  83   6   0.918140559636783   0 0 0
  83   8   0.805886277944138   0 0 0
  83  12   0.698560805747492   0 0 0
  83  24   0.530037015654722   0 0 0
  83  48   0.281551059902689   0 0 0
  84   0                   0 120 1 1
  84 0.5    0.57816317549685   0 0 0
  84   1   0.671220060435063   0 0 0
  84   2   0.871624740209419   0 0 0
  84   4   0.775209929007286   0 0 0
  84   6   0.826271163475116   0 0 0
  84   8   0.730113348434254   0 0 0
  84  12   0.629454790489767   0 0 0
  84  24   0.349068798775443   0 0 0
  84  48   0.105792581784013   0 0 0
  85   0                   0 120 1 1
  85 0.5    0.83001015916978   0 0 0
  85   1   0.927968621217766   0 0 0
  85   2     1.0877864800215   0 0 0
  85   4    1.02630981450436   0 0 0
  85   6   0.926764799614331   0 0 0
  85   8   0.890100428581816   0 0 0
  85  12   0.686380099473196   0 0 0
  85  24   0.380331197492652   0 0 0
  85  48     0.1227759646321   0 0 0
  86   0                   0 120 1 1
  86 0.5   0.893053575873149   0 0 0
  86   1    1.17694021098762   0 0 0
  86   2    1.40235969339777   0 0 0
  86   4     1.3445053303092   0 0 0
  86   6    1.27869353717261   0 0 0
  86   8    1.17066284656679   0 0 0
  86  12   0.926592114554659   0 0 0
  86  24   0.387501595070169   0 0 0
  86  48  0.0782691341836955   0 0 0
  87   0                   0 120 1 1
  87 0.5   0.772030382378455   0 0 0
  87   1    1.01181911349104   0 0 0
  87   2     1.1500585657875   0 0 0
  87   4    1.21169987082738   0 0 0
  87   6    1.33471234607517   0 0 0
  87   8    1.23281079416844   0 0 0
  87  12   0.954824750826979   0 0 0
  87  24   0.667205419790992   0 0 0
  87  48   0.258321758314124   0 0 0
  88   0                   0 120 1 1
  88 0.5    0.45674408484279   0 0 0
  88   1   0.730187667097501   0 0 0
  88   2    1.02182667453161   0 0 0
  88   4    1.04574791951303   0 0 0
  88   6    1.14863842725756   0 0 0
  88   8    1.15268355463389   0 0 0
  88  12   0.911988175755018   0 0 0
  88  24   0.622621881561292   0 0 0
  88  48   0.213070511385382   0 0 0
  89   0                   0 120 1 1
  89 0.5   0.585934791824484   0 0 0
  89   1   0.722263842348286   0 0 0
  89   2   0.747293444509402   0 0 0
  89   4   0.892443628488274   0 0 0
  89   6   0.930418448610743   0 0 0
  89   8   0.864301220362384   0 0 0
  89  12   0.583839012530177   0 0 0
  89  24   0.333580315952454   0 0 0
  89  48  0.0967596337722597   0 0 0
  90   0                   0 120 1 1
  90 0.5    1.13606247177613   0 0 0
  90   1     1.4294349302711   0 0 0
  90   2    1.52721848045705   0 0 0
  90   4    1.44755030799162   0 0 0
  90   6    1.25402679672513   0 0 0
  90   8    1.03280144263342   0 0 0
  90  12   0.828825535850255   0 0 0
  90  24   0.296579554132735   0 0 0
  90  48   0.046701020828405   0 0 0
  91   0                   0 120 1 1
  91 0.5   0.551139506715517   0 0 0
  91   1   0.827099362586266   0 0 0
  91   2   0.976198201477041   0 0 0
  91   4    1.02372521186338   0 0 0
  91   6   0.857117164500796   0 0 0
  91   8   0.750597129599584   0 0 0
  91  12   0.474266241362501   0 0 0
  91  24   0.140862061300831   0 0 0
  91  48  0.0138532755750461   0 0 0
  92   0                   0 120 1 1
  92 0.5    1.05623954571501   0 0 0
  92   1    1.41562693958111   0 0 0
  92   2    1.53165256327902   0 0 0
  92   4     1.4753501301667   0 0 0
  92   6    1.44847232041298   0 0 0
  92   8    1.16393893312663   0 0 0
  92  12   0.942853768347545   0 0 0
  92  24   0.434120097370803   0 0 0
  92  48  0.0881980687660051   0 0 0
  93   0                   0 120 1 1
  93 0.5   0.846060618001477   0 0 0
  93   1    1.20690524256514   0 0 0
  93   2    1.28304187230711   0 0 0
  93   4    1.15165298795003   0 0 0
  93   6     1.0956407492576   0 0 0
  93   8   0.912159145071881   0 0 0
  93  12   0.698563091789239   0 0 0
  93  24   0.287316959741222   0 0 0
  93  48  0.0540270113309043   0 0 0
  94   0                   0 120 1 1
  94 0.5   0.957609233237357   0 0 0
  94   1    1.24085569200358   0 0 0
  94   2    1.27093720841104   0 0 0
  94   4    1.24286207236518   0 0 0
  94   6    1.19911683247513   0 0 0
  94   8   0.954828282173179   0 0 0
  94  12   0.695715638536617   0 0 0
  94  24   0.256185591560435   0 0 0
  94  48  0.0308962906753325   0 0 0
  95   0                   0 120 1 1
  95 0.5   0.891216298223084   0 0 0
  95   1    0.92969520471703   0 0 0
  95   2    1.09311711286877   0 0 0
  95   4   0.924338912911532   0 0 0
  95   6   0.856467987368599   0 0 0
  95   8   0.795098545547519   0 0 0
  95  12   0.711476008846868   0 0 0
  95  24   0.521156435550813   0 0 0
  95  48   0.253725064422967   0 0 0
  96   0                   0 120 1 1
  96 0.5   0.859343780204643   0 0 0
  96   1    1.17317521804378   0 0 0
  96   2    1.28398361814183   0 0 0
  96   4    1.35625178071207   0 0 0
  96   6     1.1776623408497   0 0 0
  96   8    1.00546639399399   0 0 0
  96  12   0.739730009979865   0 0 0
  96  24   0.337830865236006   0 0 0
  96  48  0.0644119065472511   0 0 0
  97   0                   0 120 1 1
  97 0.5   0.856976302270233   0 0 0
  97   1   0.982657845262515   0 0 0
  97   2    1.09476251455525   0 0 0
  97   4   0.932715423053646   0 0 0
  97   6     0.8018549804015   0 0 0
  97   8   0.705651792458524   0 0 0
  97  12   0.626297101987249   0 0 0
  97  24   0.355886558477803   0 0 0
  97  48   0.114300015793362   0 0 0
  98   0                   0 120 1 1
  98 0.5   0.795746081064542   0 0 0
  98   1    1.16323173423306   0 0 0
  98   2    1.23850577686144   0 0 0
  98   4    1.21596755010402   0 0 0
  98   6    1.06192926366698   0 0 0
  98   8   0.882135170063186   0 0 0
  98  12    0.66121084176337   0 0 0
  98  24   0.293042446819574   0 0 0
  98  48  0.0514124096402001   0 0 0
  99   0                   0 120 1 1
  99 0.5   0.507675063001316   0 0 0
  99   1   0.779687468510528   0 0 0
  99   2   0.967345245347569   0 0 0
  99   4    1.26399525111661   0 0 0
  99   6     1.0367084651169   0 0 0
  99   8   0.993023380518652   0 0 0
  99  12   0.795405056637714   0 0 0
  99  24   0.489701453816151   0 0 0
  99  48   0.145636446801252   0 0 0
 100   0                   0 120 1 1
 100 0.5   0.494681213941995   0 0 0
 100   1   0.626558851022456   0 0 0
 100   2   0.852932445602395   0 0 0
 100   4   0.954713014292818   0 0 0
 100   6   0.900177234242614   0 0 0
 100   8   0.839650908956773   0 0 0
 100  12   0.566467948924374   0 0 0
 100  24   0.276946706972868   0 0 0
 100  48  0.0565556721234945   0 0 0
