   1  0                   0 120 1 1
   1  1   0.749181289576233   0 0 0
   1  2     1.1210019527387   0 0 0
   1  6   0.908601420391398   0 0 0
   1 12   0.753174864066292   0 0 0
   1 24   0.465814173914704   0 0 0
   1 48    0.19168900392071   0 0 0
   2  0                   0 120 1 1
   2  1    1.14836887556696   0 0 0
   2  2    1.50069970164699   0 0 0
   2  6    1.20058196400725   0 0 0
   2 12   0.891431415436717   0 0 0
   2 24   0.534160527040509   0 0 0
   2 48   0.144654108207551   0 0 0
   3  0                   0 120 1 1
   3  1   0.875222910387613   0 0 0
   3  2    1.00296036267184   0 0 0
   3  6   0.955573486161061   0 0 0
   3 12   0.731743830505656   0 0 0
   3 24   0.363086341623598   0 0 0
   3 48  0.0778125280592241   0 0 0
   4  0                   0 120 1 1
   4  1     0.4305888761201   0 0 0
   4  2    1.06386551159541   0 0 0
   4  6    1.17778223927842   0 0 0
   4 12   0.916836590664498   0 0 0
   4 24    0.44582634512312   0 0 0
   4 48    0.11886264133608   0 0 0
   5  0                   0 120 1 1
   5  1   0.864437279404128   0 0 0
   5  2    1.09340549620754   0 0 0
   5  6    1.12152257028212   0 0 0
   5 12   0.953856977596712   0 0 0
   5 24   0.819598859599495   0 0 0
   5 48   0.471953658761986   0 0 0
   6  0                   0 120 1 1
   6  1   0.909560909516736   0 0 0
   6  2   0.948641845967103   0 0 0
   6  6    1.06966034617226   0 0 0
   6 12   0.833271001006279   0 0 0
   6 24   0.598222399389221   0 0 0
   6 48   0.247514097934999   0 0 0
   7  0                   0 120 1 1
   7  1   0.408413169041554   0 0 0
   7  2     1.0786856470511   0 0 0
   7  6   0.924253899027875   0 0 0
   7 12   0.656861472362627   0 0 0
   7 24   0.209236486634283   0 0 0
   7 48  0.0273586353495374   0 0 0
   8  0                   0 120 1 1
   8  1   0.625221049967383   0 0 0
   8  2   0.680046136583873   0 0 0
   8  6   0.773193802848642   0 0 0
   8 12   0.661923105367383   0 0 0
   8 24   0.432931718040831   0 0 0
   8 48    0.20643398992573   0 0 0
   9  0                   0 120 1 1
   9  1    1.42797282053291   0 0 0
   9  2     1.3982971120805   0 0 0
   9  6   0.939723868374377   0 0 0
   9 12   0.717035649856461   0 0 0
   9 24   0.282614868967005   0 0 0
   9 48  0.0741324952560541   0 0 0
  10  0                   0 120 1 1
  10  1    1.63806238202977   0 0 0
  10  2     1.5388065864432   0 0 0
  10  6    1.43971337375972   0 0 0
  10 12    1.04251699167852   0 0 0
  10 24   0.532168187780114   0 0 0
  10 48    0.13534481571566   0 0 0
  11  0                   0 120 1 1
  11  1    1.53292007936812   0 0 0
  11  2    1.52014187195311   0 0 0
  11  6    1.18648608853953   0 0 0
  11 12   0.675914883441894   0 0 0
  11 24   0.273210557239655   0 0 0
  11 48  0.0463138026986765   0 0 0
  12  0                   0 120 1 1
  12  1   0.682062343690425   0 0 0
  12  2    0.91674294677986   0 0 0
  12  6   0.734237297503837   0 0 0
  12 12   0.518552892934092   0 0 0
  12 24   0.283783429487563   0 0 0
  12 48  0.0621038498513934   0 0 0
  13  0                   0 120 1 1
  13  1   0.665720681162452   0 0 0
  13  2    0.99094414732076   0 0 0
  13  6   0.964127027200049   0 0 0
  13 12   0.878194812608679   0 0 0
  13 24   0.597111290131232   0 0 0
  13 48    0.26212306696991   0 0 0
  14  0                   0 120 1 1
  14  1    1.14663078722881   0 0 0
  14  2    1.18942982313151   0 0 0
  14  6    1.12192006676059   0 0 0
  14 12   0.947539566083146   0 0 0
  14 24   0.467431978216473   0 0 0
  14 48   0.132807386953512   0 0 0
  15  0                   0 120 1 1
  15  1   0.958008151525607   0 0 0
  15  0   0.890770519343884   0 0 0
  15  1   0.880609957673775   0 0 0
  15  2    0.64722239808064   0 0 0
  15  6   0.205933626289972   0 0 0
  15 12  0.0295114271382733   0 0 0
  16  0                   0 120 1 1
  16 48     1.0969979553618   0 0 0
  16  0    1.13337934750106   0 0 0
  16  1    1.03208690125234   0 0 0
  16  2   0.668980605547234   0 0 0
  16  6    0.22450495922121   0 0 0
  16 12  0.0347086575702085   0 0 0
  17  0                   0 120 1 1
  17 48    1.19575364048439   0 0 0
  17  0    1.19584669239579   0 0 0
  17  1    1.02884379628461   0 0 0
  17  2   0.849737790665125   0 0 0
  17  6   0.520413064565949   0 0 0
  17 12   0.189614151156478   0 0 0
  18  0                   0 120 1 1
  18 48   0.629591529910277   0 0 0
  18  0   0.920073197818396   0 0 0
  18  1   0.804816389026953   0 0 0
  18  2   0.618309158230154   0 0 0
  18  6      0.426722160512   0 0 0
  18 12    0.19163135033656   0 0 0
  19  0                   0 120 1 1
  19  0     0.9314769177201   0 0 0
  19  1    1.13169106748924   0 0 0
  19  2   0.881884854607445   0 0 0
  19  6   0.505967184356835   0 0 0
  19 12    0.22516691687847   0 0 0
  20  0                   0 120 1 1
  20 48   0.740298931863652   0 0 0
  20  0   0.966742395980736   0 0 0
  20  1   0.992642345153961   0 0 0
  20  2    0.56883252020722   0 0 0
  20  6   0.196595213849578   0 0 0
  20 12  0.0169221617210268   0 0 0
  21  0                   0 120 1 1
  21 48   0.799952652552197   0 0 0
  21  0   0.893713218679264   0 0 0
  21  1   0.831651157364869   0 0 0
  21  2   0.607667103208046   0 0 0
  21  6   0.349434482472234   0 0 0
  21 12   0.121187038263964   0 0 0
  22  0                   0 120 1 1
  22 48    1.13819352627536   0 0 0
  22  0   0.988244605026751   0 0 0
  22  1   0.798616630243677   0 0 0
  22  2   0.459349857624803   0 0 0
  22  6   0.157325901717287   0 0 0
  22 12  0.0225141511769019   0 0 0
  23  0                   0 120 1 1
  23 48   0.445696311470266   0 0 0
  23  0    0.89380483595328   0 0 0
  23  1    1.10280492718509   0 0 0
  23  2   0.702161477088501   0 0 0
  23  6   0.319279520084053   0 0 0
  23 12  0.0682913890439316   0 0 0
  24  0                   0 120 1 1
  24 48     1.3560721000185   0 0 0
  24  0    1.46927901993062   0 0 0
  24  1    1.09496456382681   0 0 0
  24  2   0.436642112921671   0 0 0
  24  6    0.08301596923307   0 0 0
  24 12 0.00217206645471785   0 0 0
  25  0                   0 120 1 1
  25 48    1.04928436289145   0 0 0
  25  0    1.09683274799225   0 0 0
  25  1   0.999333657354602   0 0 0
  25  2   0.910531993895883   0 0 0
  25  6   0.427072692953958   0 0 0
  25 12  0.0966325296159673   0 0 0
  26  0                   0 120 1 1
  26 48   0.420157529693682   0 0 0
  26  0   0.986736093347155   0 0 0
  26  1   0.992292936679934   0 0 0
  26  2   0.794904178371032   0 0 0
  26  6   0.519556413839306   0 0 0
  26 12   0.219495158530752   0 0 0
  27  0                   0 120 1 1
  27 48   0.833573393065541   0 0 0
  27  0   0.909294237402447   0 0 0
  27  1    1.09461299586584   0 0 0
  27  2   0.832361157327937   0 0 0
  27  6    0.34711671825315   0 0 0
  27 12  0.0587744250493507   0 0 0
  28  0                   0 120 1 1
  28 48   0.673164799778135   0 0 0
  28  0    1.03121532770695   0 0 0
  28  1     1.0053857331685   0 0 0
  28  2   0.724295805883313   0 0 0
  28  6   0.284135798882164   0 0 0
  28 12  0.0544649083106796   0 0 0
  29  0                   0 120 1 1
  29 48    1.36964699713489   0 0 0
  29  0    1.44550309111392   0 0 0
  29  1    1.16656303901506   0 0 0
  29  0   0.699710274174478   0 0 0
  29  1   0.248853822995233   0 0 0
  29  2  0.0350453518474278   0 0 0
  30  0                   0 120 1 1
  30 12   0.665528378512563   0 0 0
  30 24   0.933958027542235   0 0 0
  30 48     1.0211963096217   0 0 0
  30  0   0.788600905116312   0 0 0
  30  1   0.587993633547751   0 0 0
  30  2   0.282516318801496   0 0 0
  31  0                   0 120 1 1
  31 12    1.31827435845793   0 0 0
  31 24    1.40642253488622   0 0 0
  31 48    1.04316565391497   0 0 0
  31  0   0.720064908519054   0 0 0
  31  1   0.373491904908801   0 0 0
  31  2  0.0716586233730513   0 0 0
  32  0                   0 120 1 1
  32 12    1.21612239939444   0 0 0
  32 24    1.16718262682081   0 0 0
  32 48    1.05703239774974   0 0 0
  32  0   0.652692032801769   0 0 0
  32  1   0.266378088388224   0 0 0
  32  2  0.0340468217604114   0 0 0
  33  0                   0 120 1 1
  33 12   0.688248695239042   0 0 0
  33 24   0.972901274849576   0 0 0
  33 48   0.974918330042531   0 0 0
  33  0    0.77123102280289   0 0 0
  33  1   0.408783422960849   0 0 0
  33  2  0.0904993106833437   0 0 0
  34  0                   0 120 1 1
  34 12   0.598205317774883   0 0 0
  34 24   0.879884323968046   0 0 0
  34 48    1.10837548448442   0 0 0
  34  0   0.756513210416465   0 0 0
  34  1    0.26956624264757   0 0 0
  34  2  0.0414097912622253   0 0 0
  35  0                   0 120 1 1
  35 12   0.859289218286794   0 0 0
  35 24   0.837611421054155   0 0 0
  35 48   0.761672149780543   0 0 0
  35  0   0.586272466085595   0 0 0
  35  1   0.339594551801078   0 0 0
  35  2   0.113961308310736   0 0 0
  36  0                   0 120 1 1
  36 12   0.788212704877465   0 0 0
  36 24    1.00795025318192   0 0 0
  36 48   0.879103056717215   0 0 0
  36  0   0.632985026218471   0 0 0
  36  1   0.303338437598627   0 0 0
  36  2  0.0702182488058082   0 0 0
  37  0                   0 120 1 1
  37 12   0.901489878266623   0 0 0
  37 24   0.992127918448616   0 0 0
  37 48    1.30116873787896   0 0 0
  37  0   0.954625640237994   0 0 0
  37  1    0.48808955316097   0 0 0
  37  2   0.158317141785794   0 0 0
  38  0                   0 120 1 1
  38 12   0.432659249307729   0 0 0
  38 24   0.837339043565646   0 0 0
  38 48   0.710477705580687   0 0 0
  38  0   0.607478149025462   0 0 0
  38  1    0.31746717070993   0 0 0
  38  2  0.0936436894761607   0 0 0
  39  0                   0 120 1 1
  39 12   0.990726236290111   0 0 0
  39 24   0.906202171189897   0 0 0
  39 48    0.98014569966555   0 0 0
  39  0   0.765235631855793   0 0 0
  39  1   0.426923917709506   0 0 0
  39  2    0.15621121573765   0 0 0
  40  0                   0 120 1 1
  40 12   0.842724035967532   0 0 0
  40 24    1.28333130454316   0 0 0
  40 48   0.774318456449785   0 0 0
  40  0   0.576118177558598   0 0 0
  40  1    0.26889621077118   0 0 0
  40  2  0.0475017869938202   0 0 0
  41  0                   0 120 1 1
  41 12     1.2416461453944   0 0 0
  41 24     1.4363396408858   0 0 0
  41 48    1.09069323866238   0 0 0
  41  0   0.607363261216517   0 0 0
  41  1   0.245538368695396   0 0 0
  41  2  0.0349993690258981   0 0 0
  42  0                   0 120 1 1
  42 12     1.7047749006216   0 0 0
  42 24    1.69831834558108   0 0 0
  42 48    1.21342282207533   0 0 0
  42  0   0.643655543289877   0 0 0
  42  1    0.20887614189503   0 0 0
  42  2  0.0205720007155994   0 0 0
  43  0                   0 120 1 1
  43 12   0.869306150679671   0 0 0
  43 24   0.978207504779922   0 0 0
  43 48   0.691720607757746   0 0 0
  43  0   0.376761078395209   0 0 0
  43  1   0.105319158441063   0 0 0
  43  0   0.010400132956477   0 0 0
  44  0                   0 120 1 1
  44  2   0.865197938456171   0 0 0
  44  6    1.04554168377003   0 0 0
  44 12    0.87604304763616   0 0 0
  44 24   0.739561398863958   0 0 0
  44 48   0.372667767197347   0 0 0
  44  0   0.126707649552782   0 0 0
  45  0                   0 120 1 1
  45  2     1.0650003530312   0 0 0
  45  6    1.06575235421319   0 0 0
  45 12   0.634841670234437   0 0 0
  45 24   0.492937715900348   0 0 0
  45 48   0.326245879589969   0 0 0
  45  0   0.135956869893657   0 0 0
  46  0                   0 120 1 1
  46  2       1.22684476431   0 0 0
  46  6    1.21430896903073   0 0 0
  46 12   0.940074304423049   0 0 0
  46 24   0.639917504594034   0 0 0
  46 48   0.303771557987549   0 0 0
  46  0  0.0619010792609303   0 0 0
  47  0                   0 120 1 1
  47  2   0.699978224935638   0 0 0
  47  6    1.24671832053386   0 0 0
  47 12    1.12384055108524   0 0 0
  47 24   0.854696185092614   0 0 0
  47 48   0.527371796111738   0 0 0
  47  0   0.185571137989088   0 0 0
  48  0                   0 120 1 1
  48  2   0.940781201279977   0 0 0
  48  6    1.03902906858099   0 0 0
  48 12   0.977738777112243   0 0 0
  48 24   0.895382337803395   0 0 0
  48 48   0.478243408837638   0 0 0
  48  0   0.157392350261236   0 0 0
  49  0                   0 120 1 1
  49  2   0.429161938156102   0 0 0
  49  6      1.126106918845   0 0 0
  49 12   0.794734297678364   0 0 0
  49 24   0.690855005568084   0 0 0
  49 48   0.429870566516375   0 0 0
  49  0   0.192767470315914   0 0 0
  50  0                   0 120 1 1
  50  2    1.52667712489556   0 0 0
  50  6    1.49061886832029   0 0 0
  50 12    1.32999206698485   0 0 0
  50 24   0.902003431954636   0 0 0
  50 48   0.520552291948158   0 0 0
  50  0   0.151113771117523   0 0 0
  51  0                   0 120 1 1
  51  2   0.744098671448656   0 0 0
  51  6    1.01477488951154   0 0 0
  51 12    1.10297423432127   0 0 0
  51 24   0.881356497362181   0 0 0
  51 48   0.506944739358761   0 0 0
  51  0   0.200033357080608   0 0 0
  52  0                   0 120 1 1
  52  2    1.49528959296538   0 0 0
  52  6    1.71112478763648   0 0 0
  52 12     1.2479406054083   0 0 0
  52 24    1.02748498705721   0 0 0
  52 48   0.485405919603516   0 0 0
  52  0   0.110479459492137   0 0 0
  53  0                   0 120 1 1
  53  2     1.6118201138178   0 0 0
  53  6    1.48462555016035   0 0 0
  53 12    1.13206845740997   0 0 0
  53 24   0.706784191428124   0 0 0
  53 48   0.182165314721996   0 0 0
  53  0  0.0158514200686137   0 0 0
  54  0                   0 120 1 1
  54  2   0.901261176840243   0 0 0
  54  6    1.09995010984079   0 0 0
  54 12   0.906904450988875   0 0 0
  54 24   0.818325559475502   0 0 0
  54 48   0.569321047930501   0 0 0
  54  0   0.263009908686178   0 0 0
  55  0                   0 120 1 1
  55  2    1.16923043701876   0 0 0
  55  6    1.05021019272673   0 0 0
  55 12   0.896684468019385   0 0 0
  55 24   0.658276161789983   0 0 0
  55 48   0.438421568874375   0 0 0
  55  0   0.153876896113971   0 0 0
  56  0                   0 120 1 1
  56  2   0.707610412283054   0 0 0
  56  6    1.08868582412205   0 0 0
  56 12   0.946299332539451   0 0 0
  56 24   0.685355462095597   0 0 0
  56 48   0.447367079473583   0 0 0
  56  0   0.144834610968401   0 0 0
  57  0                   0 120 1 1
  57  2     0.6987299302691   0 0 0
  57  6    1.02550555948462   0 0 0
  57 12   0.866752249252499   0 0 0
  57 24   0.605799627102439   0 0 0
  57 48   0.322175052396932   0 0 0
  57  0  0.0821075802599126   0 0 0
  58  0                   0 120 1 1
  58  0   0.966887113646121   0 0 0
  58  1    1.00089073973785   0 0 0
  58  2    0.85010711212218   0 0 0
  58  6   0.772193636599185   0 0 0
  58 12   0.535397406773511   0 0 0
  58 24   0.252612205576503   0 0 0
  59  0                   0 120 1 1
  59  0   0.396708773847212   0 0 0
  59  1   0.800078469795595   0 0 0
  59  2   0.892806447375257   0 0 0
  59  6   0.772187337043737   0 0 0
  59 12   0.455501385328989   0 0 0
  59 24   0.147312732945933   0 0 0
  60  0                   0 120 1 1
  60  0    1.13147548216151   0 0 0
  60  1    1.18294972185869   0 0 0
  60  2     0.8201695764203   0 0 0
  60  6   0.479725904401478   0 0 0
  60 12  0.0941315599374844   0 0 0
  60 24 0.00521970457507087   0 0 0
  61  0                   0 120 1 1
  61  0    1.16806046081527   0 0 0
  61  1    1.11931624990766   0 0 0
  61  2    1.16150021528781   0 0 0
  61  6   0.783176497741623   0 0 0
  61 12   0.252469739505929   0 0 0
  61 24   0.044481500790113   0 0 0
  62  0                   0 120 1 1
  62  0   0.909058217886948   0 0 0
  62  1   0.979471986790755   0 0 0
  62  2    0.86472753542278   0 0 0
  62  6   0.748807646968744   0 0 0
  62 12   0.355558753210425   0 0 0
  62 24   0.111880421622754   0 0 0
  63  0                   0 120 1 1
  63  0     1.2052274443112   0 0 0
  63  1    1.13263093099217   0 0 0
  63  2    1.11947228975888   0 0 0
  63  6   0.943300418070456   0 0 0
  63 12   0.461216482810541   0 0 0
  63 24    0.14708246280297   0 0 0
  64  0                   0 120 1 1
  64  0   0.904497723952573   0 0 0
  64  1    1.13911121989137   0 0 0
  64  2    1.07804129981631   0 0 0
  64  6   0.972855308566508   0 0 0
  64 12   0.676289432259108   0 0 0
  64 24   0.345093293973321   0 0 0
  65  0                   0 120 1 1
  65  0   0.743837978315236   0 0 0
  65  1   0.952886008091337   0 0 0
  65  2   0.932109775370965   0 0 0
  65  6   0.795281738330473   0 0 0
  65 12    0.55272500875677   0 0 0
  65 24   0.284118724290847   0 0 0
  66  0                   0 120 1 1
  66  0     1.1859013491742   0 0 0
  66  1    1.13355181826124   0 0 0
  66  2     1.0936374398794   0 0 0
  66  6   0.865261600350773   0 0 0
  66 12   0.677961219717116   0 0 0
  66 24   0.340443197804165   0 0 0
  67  0                   0 120 1 1
  67  0   0.534691032035289   0 0 0
  67  1    1.21508702302737   0 0 0
  67  2   0.949648002654553   0 0 0
  67  6   0.881195280033169   0 0 0
  67 12   0.497823684549576   0 0 0
  67 24   0.197815036067073   0 0 0
  68  0                   0 120 1 1
  68  0   0.664345356789474   0 0 0
  68  1    1.18307576548472   0 0 0
  68  2    1.02142555245383   0 0 0
  68  6   0.562234021849231   0 0 0
  68 12   0.259100349530049   0 0 0
  68 24  0.0447599895264617   0 0 0
  69  0                   0 120 1 1
  69  0   0.704109136184901   0 0 0
  69  1    1.28501435066699   0 0 0
  69  2    1.01697831717493   0 0 0
  69  6   0.803255014166548   0 0 0
  69 12   0.502397227814195   0 0 0
  69 24    0.17142717308964   0 0 0
  70  0                   0 120 1 1
  70  0   0.780170033972653   0 0 0
  70  1   0.989402071214459   0 0 0
  70  2     1.0869748208274   0 0 0
  70  6    1.04803210218895   0 0 0
  70 12   0.624235241268379   0 0 0
  70 24   0.292485981855396   0 0 0
  71  0                   0 120 1 1
  71  0    1.07378077238365   0 0 0
  71  1    1.26653297640701   0 0 0
  71  2    1.04382750910061   0 0 0
  71  6   0.740573197704711   0 0 0
  71 12   0.326183931496797   0 0 0
  71 24  0.0722931700606295   0 0 0
  72  0                   0 120 1 1
  72  0   0.854079756192158   0 0 0
  72  1    1.11279173896881   0 0 0
  72  0     0.9598210813532   0 0 0
  72  1   0.651886228780376   0 0 0
  72  2   0.314392603455753   0 0 0
  72  6  0.0801355832738896   0 0 0
  73  0                   0 120 1 1
  73 24    1.58859357727443   0 0 0
  73 48    1.44920014208458   0 0 0
  73  0   0.832299930871189   0 0 0
  73  1   0.443916870301312   0 0 0
  73  2    0.15995045134306   0 0 0
  73  6  0.0170405508974062   0 0 0
  74  0                   0 120 1 1
  74 24   0.886427893289192   0 0 0
  74 48   0.992766461035737   0 0 0
  74  0    1.06382665592575   0 0 0
  74  1   0.553083768240476   0 0 0
  74  2   0.230869653713371   0 0 0
  74  6  0.0297837311829541   0 0 0
  75  0                   0 120 1 1
  75 24   0.913889102278208   0 0 0
  75 48    1.07107394966835   0 0 0
  75  0   0.885439217039475   0 0 0
  75  1   0.601600810151445   0 0 0
  75  2   0.295513009907899   0 0 0
  75  6  0.0789160733295393   0 0 0
  76  0                   0 120 1 1
  76 24   0.650071136130539   0 0 0
  76 48    0.92780800032214   0 0 0
  76  0   0.822668958193072   0 0 0
  76  1   0.585897105592842   0 0 0
  76  2   0.364426968099289   0 0 0
  76  6  0.0993786612886341   0 0 0
  77  0                   0 120 1 1
  77 24    1.43613492673392   0 0 0
  77 48    1.33766295607927   0 0 0
  77  0     1.2329987792902   0 0 0
  77  1   0.898833306049486   0 0 0
  77  2   0.496993504853148   0 0 0
  77  6   0.144972179941931   0 0 0
  78  0                   0 120 1 1
  78 24   0.957069070141038   0 0 0
  78 48   0.986852908423653   0 0 0
  78  0   0.739145307744545   0 0 0
  78  1   0.361568561599832   0 0 0
  78  2  0.0922863847424947   0 0 0
  78  6 0.00681267276084371   0 0 0
  79  0                   0 120 1 1
  79 24   0.889078122562487   0 0 0
  79 48    1.36246665099331   0 0 0
  79  0    1.14588277276306   0 0 0
  79  1   0.840944135807784   0 0 0
  79  2   0.456869822570283   0 0 0
  79  6   0.110088573798642   0 0 0
  80  0                   0 120 1 1
  80 24   0.621497319456275   0 0 0
  80 48   0.738638547933901   0 0 0
  80  0   0.691203481920906   0 0 0
  80  1   0.506547077557051   0 0 0
  80  2   0.386771786468912   0 0 0
  80  6   0.160990252006858   0 0 0
  81  0                   0 120 1 1
  81 24     1.4239208417725   0 0 0
  81 48    1.45766493999953   0 0 0
  81  0   0.891430569926149   0 0 0
  81  1   0.572913672011783   0 0 0
  81  2   0.232256833065497   0 0 0
  81  6  0.0380650089577524   0 0 0
  82  0                   0 120 1 1
  82 48   0.813805213454221   0 0 0
  82  0   0.908604213123003   0 0 0
  82  1   0.778134554407312   0 0 0
  82  2   0.549991469901148   0 0 0
  82  6   0.222305887020519   0 0 0
  83  0                   0 120 1 1
  83 24    1.42039025175573   0 0 0
  83 48    1.27842310348207   0 0 0
  83  0     1.0774899223316   0 0 0
  83  1   0.839662293896452   0 0 0
  83  2   0.498946059138108   0 0 0
  83  6   0.182221468269216   0 0 0
  84  0                   0 120 1 1
  84 24   0.780355108446458   0 0 0
  84 48   0.999545816801363   0 0 0
  84  0    1.06017787470588   0 0 0
  84  1   0.665118141650845   0 0 0
  84  2   0.202958335080743   0 0 0
  84  6  0.0302397884098064   0 0 0
  85  0                   0 120 1 1
  85 24   0.277465168015188   0 0 0
  85 48   0.719920103822487   0 0 0
  85  0   0.844491393601992   0 0 0
  85  1   0.650487321569323   0 0 0
  85  2   0.411814860600343   0 0 0
  85  6   0.120314678404248   0 0 0
  86  0                   0 120 1 1
  86 24   0.565826830544183   0 0 0
  86 48   0.833124277662685   0 0 0
  86  0    1.03693778441152   0 0 0
  86  1   0.839998392911845   0 0 0
  86  0   0.416034844129854   0 0 0
  86  1  0.0733720766085677   0 0 0
  87  0                   0 120 1 1
  87  6   0.282146910173457   0 0 0
  87 12    1.42921851176874   0 0 0
  87 24    1.50025344155556   0 0 0
  87 48    1.12457703166679   0 0 0
  87  0    0.70752385503184   0 0 0
  87  1   0.253356128381302   0 0 0
  88  0                   0 120 1 1
  88  6   0.916815991849544   0 0 0
  88 12    1.11116763734735   0 0 0
  88 24      1.015272568246   0 0 0
  88 48   0.820968163980428   0 0 0
  88  0    0.46392073034968   0 0 0
  88  1   0.165415417055999   0 0 0
  89  0                   0 120 1 1
  89  6   0.928438169198638   0 0 0
  89 12    0.94885112311096   0 0 0
  89 24   0.739699797036948   0 0 0
  89 48   0.499810236649925   0 0 0
  89  0   0.254582698870828   0 0 0
  89  1  0.0920284376152815   0 0 0
  90  0                   0 120 1 1
  90  6    1.06781150408505   0 0 0
  90 12    1.10716298989496   0 0 0
  90 24   0.879486898976727   0 0 0
  90 48   0.686583860089792   0 0 0
  90  0   0.395058648106641   0 0 0
  90  1   0.109894515933618   0 0 0
  91  0                   0 120 1 1
  91  6    1.19262864422752   0 0 0
  91 12    1.47994123554257   0 0 0
  91 24   0.942558378669055   0 0 0
  91 48   0.722823287233501   0 0 0
  91  0   0.310984351149161   0 0 0
  91  1   0.065467957855347   0 0 0
  92  0                   0 120 1 1
  92  6   0.908579562168335   0 0 0
  92 12    1.00688870322869   0 0 0
  92 24   0.977935997629117   0 0 0
  92 48   0.733934458751509   0 0 0
  92  0   0.490667604696628   0 0 0
  92  1   0.207098350154618   0 0 0
  93  0                   0 120 1 1
  93  6    1.16560699378543   0 0 0
  93 12    1.20045410773482   0 0 0
  93 24    1.10956769680934   0 0 0
  93 48   0.847239469868647   0 0 0
  93  0   0.553884562925604   0 0 0
  93  1   0.252092162182585   0 0 0
  94  0                   0 120 1 1
  94  6    1.09061742815109   0 0 0
  94 12    1.02389033085329   0 0 0
  94 24    1.00667286407186   0 0 0
  94 48   0.757439494963029   0 0 0
  94  0   0.486329138761665   0 0 0
  94  1   0.195281019233633   0 0 0
  95  0                   0 120 1 1
  95  6    1.08528080245173   0 0 0
  95 12      1.522607596398   0 0 0
  95 24    1.40255080007344   0 0 0
  95 48   0.837189195990072   0 0 0
  95  0   0.444274102391727   0 0 0
  95  1  0.0655763190225068   0 0 0
  96  0                   0 120 1 1
  96  6    1.44561943014926   0 0 0
  96 12    1.52564427095284   0 0 0
  96 24    1.13047084229624   0 0 0
  96 48   0.762790089877454   0 0 0
  96  0   0.329125704694174   0 0 0
  96  1  0.0578721216824689   0 0 0
  97  0                   0 120 1 1
  97  6   0.919663730280955   0 0 0
  97 12    0.88508968835589   0 0 0
  97 24   0.919628553434712   0 0 0
  97 48   0.644867955115769   0 0 0
  97  0   0.274794992336215   0 0 0
  97  1  0.0709452295126924   0 0 0
  98  0                   0 120 1 1
  98  6    1.15034671080223   0 0 0
  98 12    1.17632657293665   0 0 0
  98 24   0.820479383863242   0 0 0
  98 48   0.426582293200332   0 0 0
  98  0   0.135117931858486   0 0 0
  98  1  0.0113817387223087   0 0 0
  99  0                   0 120 1 1
  99  6   0.624908561921874   0 0 0
  99 12   0.759100900856603   0 0 0
  99 24   0.911116885783791   0 0 0
  99 48   0.743971036299146   0 0 0
  99  0   0.423733044943672   0 0 0
  99  1   0.150522055154272   0 0 0
 100  0                   0 120 1 1
 100  6   0.821987711111822   0 0 0
 100 12    1.04841476964529   0 0 0
 100 24   0.946914736901146   0 0 0
 100 48     0.7378535310955   0 0 0
 100  0   0.368450010731155   0 0 0
 100  1    0.12319673174588   0 0 0
