   1  0                   0 120 1 1
   1  1   0.834652313126568   0 0 0
   1  2    1.11890566567453   0 0 0
   1  6    0.90752338069761   0 0 0
   1 12    0.76379588437427   0 0 0
   1 24   0.466676329814869   0 0 0
   1 48   0.192656994139939   0 0 0
   2  0                   0 120 1 1
   2  1    1.22417731651199   0 0 0
   2  2    1.50017477173789   0 0 0
   2  6    1.20296158950567   0 0 0
   2 12   0.887717979487424   0 0 0
   2 24   0.542405377046213   0 0 0
   2 48   0.145024082041657   0 0 0
   3  0                   0 120 1 1
   3  1   0.833412455942112   0 0 0
   3  2    1.07783737548531   0 0 0
   3  6   0.974174891058517   0 0 0
   3 12   0.748830952843038   0 0 0
   3 24   0.362886010354061   0 0 0
   3 48  0.0801859852506059   0 0 0
   4  0                   0 120 1 1
   4  1   0.689238667599901   0 0 0
   4  2    1.04223289441368   0 0 0
   4  6      1.176742199229   0 0 0
   4 12   0.955878370137394   0 0 0
   4 24   0.444307116355841   0 0 0
   4 48    0.11853586202418   0 0 0
   5  0                   0 120 1 1
   5  1    0.75001422297706   0 0 0
   5  2    1.04637219977574   0 0 0
   5  6    1.12134944508293   0 0 0
   5 12   0.965863851420438   0 0 0
   5 24   0.806015072285214   0 0 0
   5 48   0.474728189697892   0 0 0
   6  0                   0 120 1 1
   6  1   0.800427904946677   0 0 0
   6  2   0.946643443477012   0 0 0
   6  6    1.05827732788061   0 0 0
   6 12   0.828257579795843   0 0 0
   6 24   0.584074694432796   0 0 0
   6 48   0.248124322887689   0 0 0
   7  0                   0 120 1 1
   7  1   0.723866792955542   0 0 0
   7  2     1.0318779477121   0 0 0
   7  6   0.960212889051932   0 0 0
   7 12   0.637731559494975   0 0 0
   7 24   0.207274882247341   0 0 0
   7 48  0.0272909984595966   0 0 0
   8  0                   0 120 1 1
   8  1   0.581248757088801   0 0 0
   8  2   0.674045831203176   0 0 0
   8  6   0.772849061307259   0 0 0
   8 12   0.661078121422184   0 0 0
   8 24   0.435731461294395   0 0 0
   8 48   0.203302305323343   0 0 0
   9  0                   0 120 1 1
   9  1    1.66079280621368   0 0 0
   9  2    1.42488573051196   0 0 0
   9  6   0.965376316979284   0 0 0
   9 12   0.679646867218966   0 0 0
   9 24   0.289232982951245   0 0 0
   9 48  0.0740368951149323   0 0 0
  10  0                   0 120 1 1
  10  1    1.51194166315034   0 0 0
  10  2    1.56399016421519   0 0 0
  10  6    1.45228864644159   0 0 0
  10 12    1.04925647492769   0 0 0
  10 24   0.539573767658423   0 0 0
  10 48   0.136824765912461   0 0 0
  11  0                   0 120 1 1
  11  1    1.52578288851853   0 0 0
  11  2    1.48147332288114   0 0 0
  11  6    1.14396670237845   0 0 0
  11 12    0.66895253236228   0 0 0
  11 24   0.285041899023699   0 0 0
  11 48  0.0456429589841839   0 0 0
  12  0                   0 120 1 1
  12  1   0.828389509500243   0 0 0
  12  2   0.920763995809027   0 0 0
  12  6    0.75655706168675   0 0 0
  12 12   0.517200407006375   0 0 0
  12 24      0.284976581757   0 0 0
  12 48  0.0624894141957888   0 0 0
  13  0                   0 120 1 1
  13  1   0.714992386297336   0 0 0
  13  2    0.97572100731954   0 0 0
  13  6   0.962135622310457   0 0 0
  13 12   0.884424730176305   0 0 0
  13 24   0.603466994995248   0 0 0
  13 48   0.264251786383648   0 0 0
  14  0                   0 120 1 1
  14  1    1.02596459198325   0 0 0
  14  2    1.20077498392994   0 0 0
  14  6    1.14221854887806   0 0 0
  14 12   0.926181003363667   0 0 0
  14 24   0.475298025077307   0 0 0
  14 48   0.136445353840944   0 0 0
  15  0                   0 120 1 1
  15  1   0.887227430774463   0 0 0
  15  0    0.95645823407861   0 0 0
  15  1    0.89620952179814   0 0 0
  15  2   0.626229834204365   0 0 0
  15  6   0.201395691185334   0 0 0
  15 12  0.0286877809705399   0 0 0
  16 24                   0 120 1 1
  16 48    1.17138854050183   0 0 0
  16  0    1.12996126146904   0 0 0
  16  1    1.04446749530085   0 0 0
  16  2   0.636326334496052   0 0 0
  16  6   0.229988297954957   0 0 0
  16 12  0.0348259880999519   0 0 0
  17 24                   0 120 1 1
  17 48    1.24348289278173   0 0 0
  17  0    1.19092421215389   0 0 0
  17  1    1.02698725273064   0 0 0
  17  2    0.85326889018771   0 0 0
  17  6   0.521549004692349   0 0 0
  17 12   0.188894844269258   0 0 0
  18 24                   0 120 1 1
  18 48   0.748653310681563   0 0 0
  18  0   0.925387796564466   0 0 0
  18  1   0.793976649968536   0 0 0
  18  2   0.619973382312867   0 0 0
  18  6   0.431345468220938   0 0 0
  18 12    0.19317940759559   0 0 0
  19 24                   0 120 1 1
  19 48   0.565022713935276   0 0 0
  19  0   0.905146692623585   0 0 0
  19  1    1.12959473427043   0 0 0
  19  2   0.900275537926775   0 0 0
  19  6   0.524785201906272   0 0 0
  19 12   0.220514557053691   0 0 0
  20 24                   0 120 1 1
  20 48   0.673674279654189   0 0 0
  20  0   0.933628386606167   0 0 0
  20  1   0.990346855263735   0 0 0
  20  2   0.562235467791138   0 0 0
  20  6   0.187960334374596   0 0 0
  20 12  0.0164900830516372   0 0 0
  21 24                   0 120 1 1
  21 48   0.783126752776565   0 0 0
  21  0   0.892975218611155   0 0 0
  21  1   0.825186106926548   0 0 0
  21  2   0.604195087271629   0 0 0
  21  6   0.349626157294008   0 0 0
  21 12   0.119570468646478   0 0 0
  22 24                   0 120 1 1
  22 48    1.11160628434252   0 0 0
  22  0    1.02423742218026   0 0 0
  22  1   0.768598792880712   0 0 0
  22  2   0.449999343434453   0 0 0
  22  6   0.151602330070268   0 0 0
  22 12  0.0201576739199022   0 0 0
  23 24                   0 120 1 1
  23 48   0.779635757529544   0 0 0
  23  0   0.948850006613913   0 0 0
  23  1    1.07019673114316   0 0 0
  23  2    0.72676060852878   0 0 0
  23  6   0.316265327815523   0 0 0
  23 12   0.066442931647372   0 0 0
  24 24                   0 120 1 1
  24 48    1.29416411850608   0 0 0
  24  0    1.46868008976779   0 0 0
  24  1     1.0721628293935   0 0 0
  24  2   0.418604463995642   0 0 0
  24  6  0.0832428638282031   0 0 0
  24 12 0.00227415715245005   0 0 0
  25 24                   0 120 1 1
  25 48   0.903823955966222   0 0 0
  25  0    1.03363033940643   0 0 0
  25  1    1.01373062451874   0 0 0
  25  2   0.896157283979245   0 0 0
  25  6   0.423203335390622   0 0 0
  25 12  0.0959379179499479   0 0 0
  26 24                   0 120 1 1
  26 48   0.536080453169211   0 0 0
  26  0   0.876933701805136   0 0 0
  26  1    0.98835432515732   0 0 0
  26  2   0.777736021186548   0 0 0
  26  6   0.522053880191873   0 0 0
  26 12   0.228096992564217   0 0 0
  27 24                   0 120 1 1
  27 48   0.730731874321933   0 0 0
  27  0   0.858124270879916   0 0 0
  27  1    1.08960391035825   0 0 0
  27  2   0.826386470062195   0 0 0
  27  6   0.354849462952503   0 0 0
  27 12  0.0599458235388088   0 0 0
  28 24                   0 120 1 1
  28 48   0.746439295318175   0 0 0
  28  0    1.02003033784376   0 0 0
  28  1    1.01388953557626   0 0 0
  28  2   0.698619306635754   0 0 0
  28  6    0.28685750186129   0 0 0
  28 12  0.0559594674771637   0 0 0
  29 24                   0 120 1 1
  29 48    1.33601772971103   0 0 0
  29  0    1.44454516567265   0 0 0
  29  1    1.18072897851091   0 0 0
  29  0   0.728588089742734   0 0 0
  29  1   0.257761636230364   0 0 0
  29  2  0.0351879264304274   0 0 0
  30  6                   0 120 1 1
  30 12   0.804825976374957   0 0 0
  30 24    1.00916316687942   0 0 0
  30 48    1.03091197093438   0 0 0
  30  0   0.792416314986444   0 0 0
  30  1   0.597260996698425   0 0 0
  30  2   0.286151498850514   0 0 0
  31  6                   0 120 1 1
  31 12    1.32477768228904   0 0 0
  31 24    1.39751586564094   0 0 0
  31 48    1.03783497338668   0 0 0
  31  0   0.725671188604271   0 0 0
  31  1   0.378114310795169   0 0 0
  31  2  0.0740055683848567   0 0 0
  32  6                   0 120 1 1
  32 12    1.13052208159058   0 0 0
  32 24    1.16195303393684   0 0 0
  32 48    1.04092027406843   0 0 0
  32  0   0.634958827682147   0 0 0
  32  1   0.268194953973095   0 0 0
  32  2  0.0327500779693594   0 0 0
  33  6                   0 120 1 1
  33 12   0.728611183099839   0 0 0
  33 24    1.00154715986916   0 0 0
  33 48   0.969603201743847   0 0 0
  33  0   0.785411044328851   0 0 0
  33  1   0.405551961707266   0 0 0
  33  2  0.0934580329497298   0 0 0
  34  6                   0 120 1 1
  34 12   0.796418667035136   0 0 0
  34 24   0.990980426584443   0 0 0
  34 48    1.14826113767869   0 0 0
  34  0   0.753467843846436   0 0 0
  34  1   0.281055724498166   0 0 0
  34  2  0.0402179614034336   0 0 0
  35  6                   0 120 1 1
  35 12   0.822427200279957   0 0 0
  35 24   0.842995192894851   0 0 0
  35 48   0.771248092432347   0 0 0
  35  0   0.584713363673416   0 0 0
  35  1   0.330419317270594   0 0 0
  35  2   0.116647583476572   0 0 0
  36  6                   0 120 1 1
  36 12   0.820711366829855   0 0 0
  36 24    1.01400620621438   0 0 0
  36 48   0.864989027516079   0 0 0
  36  0   0.597777177272112   0 0 0
  36  1   0.292069740615481   0 0 0
  36  2   0.073232099126879   0 0 0
  37  6                   0 120 1 1
  37 12   0.757932804642931   0 0 0
  37 24    1.04260135752247   0 0 0
  37 48    1.30182869433621   0 0 0
  37  0   0.982739772923544   0 0 0
  37  1   0.483609462447834   0 0 0
  37  2   0.157861503830081   0 0 0
  38  6                   0 120 1 1
  38 12    0.71057306305048   0 0 0
  38 24    0.82991216347904   0 0 0
  38 48     0.7166806814579   0 0 0
  38  0   0.579320318800421   0 0 0
  38  1   0.317161381300772   0 0 0
  38  2  0.0939872519496893   0 0 0
  39  6                   0 120 1 1
  39 12   0.909734670671148   0 0 0
  39 24   0.903395416211362   0 0 0
  39 48    0.97048161238424   0 0 0
  39  0    0.77086557898347   0 0 0
  39  1   0.428719906291657   0 0 0
  39  2   0.159664705698552   0 0 0
  40  6                   0 120 1 1
  40 12    1.27157831759889   0 0 0
  40 24    1.32358444725271   0 0 0
  40 48   0.782077530603536   0 0 0
  40  0   0.574191066142091   0 0 0
  40  1   0.251595677556176   0 0 0
  40  2  0.0467216323091244   0 0 0
  41  6                   0 120 1 1
  41 12    1.17788636927509   0 0 0
  41 24    1.43147018894806   0 0 0
  41 48    1.07715003195397   0 0 0
  41  0   0.623700884069086   0 0 0
  41  1   0.254078892672192   0 0 0
  41  2  0.0344041458667934   0 0 0
  42  6                   0 120 1 1
  42 12    1.69561872686431   0 0 0
  42 24    1.66279446450752   0 0 0
  42 48    1.16027919687972   0 0 0
  42  0   0.614197590994291   0 0 0
  42  1     0.1995701219483   0 0 0
  42  2  0.0195411467236819   0 0 0
  43  6                   0 120 1 1
  43 12   0.891557196828771   0 0 0
  43 24   0.983703945256673   0 0 0
  43 48    0.66407332769439   0 0 0
  43  0   0.389719565878415   0 0 0
  43  1   0.107955480703621   0 0 0
  43  0  0.0108683717572761   0 0 0
  44  1                   0 120 1 1
  44  2   0.881772507649629   0 0 0
  44  6    1.05524259569698   0 0 0
  44 12   0.881699400164528   0 0 0
  44 24   0.708897937505764   0 0 0
  44 48    0.37149288914856   0 0 0
  44  0   0.124240496987127   0 0 0
  45  1                   0 120 1 1
  45  2    1.06447803315033   0 0 0
  45  6   0.977327175391112   0 0 0
  45 12   0.634140256327895   0 0 0
  45 24   0.492243532871929   0 0 0
  45 48    0.33194732427894   0 0 0
  45  0   0.132999051557201   0 0 0
  46  1                   0 120 1 1
  46  2    1.22487745747162   0 0 0
  46  6    1.20428372189936   0 0 0
  46 12   0.957269417055367   0 0 0
  46 24   0.641277644679736   0 0 0
  46 48   0.309007754159098   0 0 0
  46  0  0.0590362849701763   0 0 0
  47  1                   0 120 1 1
  47  2   0.997505723434204   0 0 0
  47  6    1.22291432220254   0 0 0
  47 12    1.14961764348445   0 0 0
  47 24   0.838997264764757   0 0 0
  47 48   0.525124025414848   0 0 0
  47  0   0.185076516562973   0 0 0
  48  1                   0 120 1 1
  48  2   0.899683015658216   0 0 0
  48  6    1.03417864632693   0 0 0
  48 12    0.99331829656323   0 0 0
  48 24   0.860643957836273   0 0 0
  48 48   0.463172228826911   0 0 0
  48  0   0.162219659675549   0 0 0
  49  1                   0 120 1 1
  49  2   0.891846122995585   0 0 0
  49  6    1.12447844008849   0 0 0
  49 12   0.802642937134109   0 0 0
  49 24    0.68484231821453   0 0 0
  49 48     0.4294435320813   0 0 0
  49  0   0.196495241852904   0 0 0
  50  1                   0 120 1 1
  50  2    1.41735447267467   0 0 0
  50  6    1.48496732537772   0 0 0
  50 12    1.31453862364689   0 0 0
  50 24   0.924818989735016   0 0 0
  50 48   0.513345551265773   0 0 0
  50  0   0.152795129640426   0 0 0
  51  1                   0 120 1 1
  51  2   0.766583958969129   0 0 0
  51  6    1.05162751962349   0 0 0
  51 12    1.10367286424547   0 0 0
  51 24   0.877759734714167   0 0 0
  51 48   0.517674940482502   0 0 0
  51  0   0.199429842113404   0 0 0
  52  1                   0 120 1 1
  52  2    1.55218097561485   0 0 0
  52  6    1.72211323491734   0 0 0
  52 12    1.27611314033682   0 0 0
  52 24   0.977535753442585   0 0 0
  52 48   0.497102863348032   0 0 0
  52  0   0.107193734313408   0 0 0
  53  1                   0 120 1 1
  53  2    1.67880377538565   0 0 0
  53  6    1.61448947278275   0 0 0
  53 12    1.16123234078606   0 0 0
  53 24   0.689400431824861   0 0 0
  53 48   0.185395122724488   0 0 0
  53  0  0.0158204460156933   0 0 0
  54  1                   0 120 1 1
  54  2   0.832435012612284   0 0 0
  54  6    1.06748057333957   0 0 0
  54 12    0.89802143807679   0 0 0
  54 24   0.804617206402735   0 0 0
  54 48    0.56731152351555   0 0 0
  54  0   0.263273409557463   0 0 0
  55  1                   0 120 1 1
  55  2    1.17686799548887   0 0 0
  55  6    1.02553582990952   0 0 0
  55 12   0.879551209333793   0 0 0
  55 24   0.663125192761113   0 0 0
  55 48   0.432489283826441   0 0 0
  55  0   0.153728853243238   0 0 0
  56  1                   0 120 1 1
  56  2   0.985277736226737   0 0 0
  56  6    1.10829582890332   0 0 0
  56 12   0.942201664788814   0 0 0
  56 24    0.69388299671746   0 0 0
  56 48    0.43781961967414   0 0 0
  56  0   0.147776403998863   0 0 0
  57  1                   0 120 1 1
  57  2   0.807265793941196   0 0 0
  57  6    1.01551249576845   0 0 0
  57 12   0.865402118500309   0 0 0
  57 24   0.659351930312058   0 0 0
  57 48   0.313445922486311   0 0 0
  57  0  0.0835533242795285   0 0 0
  58  1                   0 120 1 1
  58  0   0.904102828307442   0 0 0
  58  1    1.00370182038902   0 0 0
  58  2   0.880779661641591   0 0 0
  58  6   0.771989923423411   0 0 0
  58 12   0.530709876190786   0 0 0
  58 24   0.256510161437683   0 0 0
  59 48                   0 120 1 1
  59  0   0.534895506730579   0 0 0
  59  1   0.787227411473751   0 0 0
  59  2    0.89296880707252   0 0 0
  59  6   0.788409578074677   0 0 0
  59 12   0.452977865421914   0 0 0
  59 24   0.156738600493913   0 0 0
  60 48                   0 120 1 1
  60  0    1.06564803784978   0 0 0
  60  1    1.18961514161512   0 0 0
  60  2   0.807252032107605   0 0 0
  60  6   0.443385445869198   0 0 0
  60 12  0.0893319747572721   0 0 0
  60 24 0.00511434140635074   0 0 0
  61 48                   0 120 1 1
  61  0    1.21598232127612   0 0 0
  61  1    1.33864271719503   0 0 0
  61  2    1.13494690052787   0 0 0
  61  6   0.785806803577572   0 0 0
  61 12   0.249032471617774   0 0 0
  61 24  0.0452293175523565   0 0 0
  62 48                   0 120 1 1
  62  0     0.9969198481502   0 0 0
  62  1   0.980851263301468   0 0 0
  62  2   0.845416844598629   0 0 0
  62  6   0.730667288798478   0 0 0
  62 12    0.35211593777482   0 0 0
  62 24   0.107575752886696   0 0 0
  63 48                   0 120 1 1
  63  0    1.03481287139663   0 0 0
  63  1    1.08894665899212   0 0 0
  63  2    1.11926211970078   0 0 0
  63  6   0.921073835154908   0 0 0
  63 12   0.468123958932443   0 0 0
  63 24   0.149368628245192   0 0 0
  64 48                   0 120 1 1
  64  0    1.06290871370805   0 0 0
  64  1    1.18020015676389   0 0 0
  64  2    1.07827064515055   0 0 0
  64  6     0.9567511709109   0 0 0
  64 12   0.660037870934286   0 0 0
  64 24    0.33611752427699   0 0 0
  65 48                   0 120 1 1
  65  0   0.829552208220694   0 0 0
  65  1    1.01009154651483   0 0 0
  65  2   0.935493536156086   0 0 0
  65  6   0.796320583035662   0 0 0
  65 12   0.544383014863322   0 0 0
  65 24   0.277594254746525   0 0 0
  66 48                   0 120 1 1
  66  0    1.17162718356284   0 0 0
  66  1    1.13340604596911   0 0 0
  66  2    1.09119924619973   0 0 0
  66  6   0.856932542888705   0 0 0
  66 12   0.673305462206933   0 0 0
  66 24   0.337961400711389   0 0 0
  67 48                   0 120 1 1
  67  0    1.14407953041269   0 0 0
  67  1    1.21246233048833   0 0 0
  67  2   0.932739025562154   0 0 0
  67  6   0.880268717336188   0 0 0
  67 12    0.49868544449758   0 0 0
  67 24   0.198336573914104   0 0 0
  68 48                   0 120 1 1
  68  0   0.889457857195866   0 0 0
  68  1    1.19880599812441   0 0 0
  68  2   0.991469231641803   0 0 0
  68  6   0.566802801754647   0 0 0
  68 12   0.260436942491971   0 0 0
  68 24  0.0460981623739138   0 0 0
  69 48                   0 120 1 1
  69  0    1.07025246384555   0 0 0
  69  1    1.28964980182265   0 0 0
  69  2    1.03011999797475   0 0 0
  69  6    0.83919432449647   0 0 0
  69 12   0.497344699756213   0 0 0
  69 24   0.173025001554827   0 0 0
  70 48                   0 120 1 1
  70  0   0.729928385462032   0 0 0
  70  1   0.950199269410069   0 0 0
  70  2    1.08628531858964   0 0 0
  70  6    1.01570466105561   0 0 0
  70 12   0.630411139450316   0 0 0
  70 24   0.286792853313867   0 0 0
  71 48                   0 120 1 1
  71  0    1.04841676166908   0 0 0
  71  1    1.24100314768487   0 0 0
  71  2    1.06567308081541   0 0 0
  71  6   0.768625145506366   0 0 0
  71 12   0.314412740885299   0 0 0
  71 24  0.0703781258596009   0 0 0
  72 48                   0 120 1 1
  72  0   0.866448126852745   0 0 0
  72  1    1.09111332850287   0 0 0
  72  0    0.94136590518313   0 0 0
  72  1    0.65590552216542   0 0 0
  72  2   0.308663738528198   0 0 0
  72  6   0.077464374448878   0 0 0
  73 12                   0 120 1 1
  73 24    1.56287642004246   0 0 0
  73 48    1.50967987948836   0 0 0
  73  0   0.794540593931209   0 0 0
  73  1    0.44786430329692   0 0 0
  73  2   0.155009757754782   0 0 0
  73  6  0.0176214439200705   0 0 0
  74 12                   0 120 1 1
  74 24   0.814248048591981   0 0 0
  74 48   0.965203880740045   0 0 0
  74  0     1.0239682411065   0 0 0
  74  1    0.55460500594238   0 0 0
  74  2   0.217132155193292   0 0 0
  74  6    0.03061095035926   0 0 0
  75 12                   0 120 1 1
  75 24   0.867420059174982   0 0 0
  75 48     1.0678732641926   0 0 0
  75  0    0.90902949199644   0 0 0
  75  1   0.637586614861532   0 0 0
  75  2   0.300871406486565   0 0 0
  75  6  0.0772044932229092   0 0 0
  76 12                   0 120 1 1
  76 24   0.829995744795428   0 0 0
  76 48   0.923242005445962   0 0 0
  76  0   0.828491048754815   0 0 0
  76  1   0.582564794914737   0 0 0
  76  2   0.366073565993463   0 0 0
  76  6  0.0983430338787958   0 0 0
  77 12                   0 120 1 1
  77 24    1.35418412588456   0 0 0
  77 48    1.33329099865638   0 0 0
  77  0     1.2346095862171   0 0 0
  77  1    0.92383697083324   0 0 0
  77  2   0.508132075223018   0 0 0
  77  6   0.147501230039686   0 0 0
  78 12                   0 120 1 1
  78 24    0.90190777291023   0 0 0
  78 48   0.978235475372311   0 0 0
  78  0   0.779628264509302   0 0 0
  78  1   0.375778574409373   0 0 0
  78  2  0.0935410348323205   0 0 0
  78  6 0.00604896165339046   0 0 0
  79 12                   0 120 1 1
  79 24    1.39308635160531   0 0 0
  79 48    1.36104218999223   0 0 0
  79  0    1.15122370275224   0 0 0
  79  1   0.829370100660566   0 0 0
  79  2   0.435251522164058   0 0 0
  79  6   0.108945515037565   0 0 0
  80 12                   0 120 1 1
  80 24   0.658565256425676   0 0 0
  80 48   0.743006690700338   0 0 0
  80  0    0.68459762088152   0 0 0
  80  1   0.493363278535439   0 0 0
  80  2   0.386950108447473   0 0 0
  80  6   0.161855566382452   0 0 0
  81 12                   0 120 1 1
  81 24    1.47748451235801   0 0 0
  81 48    1.42976307459966   0 0 0
  81  0   0.874134225394302   0 0 0
  81  1   0.555203023353163   0 0 0
  81  2   0.225463694256094   0 0 0
  81  6  0.0374365154099409   0 0 0
  82 12                   0 120 1 1
  82 24    0.61853286405455   0 0 0
  82 48   0.816241288742747   0 0 0
  82  0   0.904790865611753   0 0 0
  82  1   0.791467039609921   0 0 0
  82  2   0.551459278630106   0 0 0
  82  6   0.225034053570388   0 0 0
  83 12                   0 120 1 1
  83 24    1.51422069094891   0 0 0
  83 48    1.34613959938119   0 0 0
  83  0     1.0447912614027   0 0 0
  83  1   0.861578184308899   0 0 0
  83  2   0.508499916798519   0 0 0
  83  6   0.181224890274834   0 0 0
  84 12                   0 120 1 1
  84 24   0.801601694284785   0 0 0
  84 48    1.02668313848153   0 0 0
  84  0    1.05726485092791   0 0 0
  84  1   0.636998366907274   0 0 0
  84  2   0.207421558761731   0 0 0
  84  6  0.0280465782107181   0 0 0
  85 12                   0 120 1 1
  85 24   0.436941609424275   0 0 0
  85 48   0.661569465312997   0 0 0
  85  0   0.844779462706596   0 0 0
  85  1    0.67223734690842   0 0 0
  85  2   0.408802654547125   0 0 0
  85  6   0.122520003482482   0 0 0
  86 12                   0 120 1 1
  86 24   0.587411688746643   0 0 0
  86 48   0.855876012592593   0 0 0
  86  0    1.04702154934964   0 0 0
  86  1   0.831785952459864   0 0 0
  86  0   0.403708216091309   0 0 0
  86  1  0.0745707656544868   0 0 0
  87  2                   0 120 1 1
  87  6    1.02229524620066   0 0 0
  87 12     1.4087456941283   0 0 0
  87 24    1.52533183044614   0 0 0
  87 48    1.13854685709128   0 0 0
  87  0   0.699215932551441   0 0 0
  87  1   0.256851046088276   0 0 0
  88  2                   0 120 1 1
  88  6   0.902392181105257   0 0 0
  88 12    1.07869869133831   0 0 0
  88 24    1.03645464424946   0 0 0
  88 48   0.836960191772127   0 0 0
  88  0   0.469991385326755   0 0 0
  88  1   0.168748865756273   0 0 0
  89  2                   0 120 1 1
  89  6   0.908654234842945   0 0 0
  89 12   0.927872543611973   0 0 0
  89 24   0.734210981726563   0 0 0
  89 48   0.489486472356597   0 0 0
  89  0   0.263314993400161   0 0 0
  89  1  0.0887925956003189   0 0 0
  90  2                   0 120 1 1
  90  6    1.03890789513931   0 0 0
  90 12    1.10703027364232   0 0 0
  90 24   0.874458722682946   0 0 0
  90 48   0.706987208128655   0 0 0
  90  0   0.408414670093713   0 0 0
  90  1   0.109796447362581   0 0 0
  91  2                   0 120 1 1
  91  6    1.51524148025229   0 0 0
  91 12    1.45915515903845   0 0 0
  91 24    0.99098944912128   0 0 0
  91 48   0.707381485133539   0 0 0
  91  0   0.320986456864823   0 0 0
  91  1  0.0676516670425247   0 0 0
  92  2                   0 120 1 1
  92  6   0.868759543564081   0 0 0
  92 12   0.998083820091676   0 0 0
  92 24   0.991008821391723   0 0 0
  92 48   0.744870848092668   0 0 0
  92  0   0.489855603801189   0 0 0
  92  1   0.209033708723132   0 0 0
  93  2                   0 120 1 1
  93  6    1.08880269364827   0 0 0
  93 12    1.19858782670346   0 0 0
  93 24    1.10905480346641   0 0 0
  93 48   0.836623695260809   0 0 0
  93  0   0.557610550070911   0 0 0
  93  1    0.25829656873326   0 0 0
  94  2                   0 120 1 1
  94  6    1.07784052879525   0 0 0
  94 12     1.0413669943358   0 0 0
  94 24    1.01996748106861   0 0 0
  94 48   0.760431491890374   0 0 0
  94  0   0.479183311540021   0 0 0
  94  1   0.201972570584789   0 0 0
  95  2                   0 120 1 1
  95  6    1.18106124227693   0 0 0
  95 12    1.46586259864868   0 0 0
  95 24    1.40312532147472   0 0 0
  95 48   0.820924949674697   0 0 0
  95  0   0.418268453823019   0 0 0
  95  1  0.0650032132332477   0 0 0
  96  2                   0 120 1 1
  96  6    1.72515137451949   0 0 0
  96 12    1.58292465382786   0 0 0
  96 24    1.19538334366113   0 0 0
  96 48   0.748105253162367   0 0 0
  96  0   0.327183976700918   0 0 0
  96  1  0.0556895155588316   0 0 0
  97  2                   0 120 1 1
  97  6   0.848667389900758   0 0 0
  97 12   0.879286123494492   0 0 0
  97 24   0.891367564246896   0 0 0
  97 48    0.62926503750844   0 0 0
  97  0   0.265841971935841   0 0 0
  97  1  0.0703047933105754   0 0 0
  98  2                   0 120 1 1
  98  6    1.15066396267231   0 0 0
  98 12    1.18204870202865   0 0 0
  98 24   0.839468343256208   0 0 0
  98 48   0.420255331799563   0 0 0
  98  0   0.131893607413392   0 0 0
  98  1  0.0116718928720884   0 0 0
  99  2                   0 120 1 1
  99  6   0.667675583137619   0 0 0
  99 12   0.792032201088335   0 0 0
  99 24   0.898907688334671   0 0 0
  99 48   0.760353570555764   0 0 0
  99  0   0.413789967868608   0 0 0
  99  1   0.148643079773153   0 0 0
 100  2                   0 120 1 1
 100  6   0.749843922067531   0 0 0
 100 12    1.00932254638425   0 0 0
 100 24   0.962458479675056   0 0 0
 100 48   0.723050244224887   0 0 0
 100  0   0.375020429702047   0 0 0
 100  1   0.119159540299905   0 0 0
