   1  0                   0 120 1 1
   1  2   0.985125678851807   0 0 0
   1  6   0.955695864050276   0 0 0
   1 12    0.68117320753995   0 0 0
   1 24   0.444623886394486   0 0 0
   1 48   0.187653853894434   0 0 0
   2  0                   0 120 1 1
   2  2    1.43837296628356   0 0 0
   2  6    1.24235678803458   0 0 0
   2 12    1.01503821631961   0 0 0
   2 24   0.500648409844874   0 0 0
   2 48   0.149424514428559   0 0 0
   3  0                   0 120 1 1
   3  2    1.01368454543224   0 0 0
   3  6   0.955795433335883   0 0 0
   3 12   0.709927588504893   0 0 0
   3 24   0.358840756057196   0 0 0
   3 48  0.0828612776366662   0 0 0
   4  0                   0 120 1 1
   4  2   0.985874171070118   0 0 0
   4  6    1.29068737138489   0 0 0
   4 12    1.01913305226443   0 0 0
   4 24   0.457009835018116   0 0 0
   4 48   0.126522817268007   0 0 0
   5  0                   0 120 1 1
   5  2    1.08430527360541   0 0 0
   5  6    1.15304047195352   0 0 0
   5 12   0.966540523686645   0 0 0
   5 24   0.775747674616583   0 0 0
   5 48   0.484707330931554   0 0 0
   6  0                   0 120 1 1
   6  2   0.856028175272219   0 0 0
   6  6    1.04960366175768   0 0 0
   6 12   0.842263780526789   0 0 0
   6 24   0.619000705606668   0 0 0
   6 48    0.27316103172198   0 0 0
   7  0                   0 120 1 1
   7  2    1.07182741204587   0 0 0
   7  6   0.971491106795828   0 0 0
   7 12   0.633420409683043   0 0 0
   7 24    0.21633841432925   0 0 0
   7 48  0.0300060073691101   0 0 0
   8  0                   0 120 1 1
   8  2   0.735847372570482   0 0 0
   8  6   0.815561545746266   0 0 0
   8 12   0.656531585143796   0 0 0
   8 24   0.485507016000756   0 0 0
   8 48   0.201941128377701   0 0 0
   9  0                   0 120 1 1
   9  2    1.11807194693719   0 0 0
   9  6   0.958670502889445   0 0 0
   9 12   0.686182248400279   0 0 0
   9 24   0.310636827492347   0 0 0
   9 48  0.0698848185939507   0 0 0
  10  0                   0 120 1 1
  10  2     1.7216393780335   0 0 0
  10  6    1.52805921138859   0 0 0
  10 12    1.19680720362595   0 0 0
  10 24    0.57386111280436   0 0 0
  10 48   0.130434181187736   0 0 0
  11  0                   0 120 1 1
  11  2     1.4961379612765   0 0 0
  11  6    1.02335805951415   0 0 0
  11 12   0.675378399895433   0 0 0
  11 24   0.295308339557069   0 0 0
  11 48  0.0559598792500669   0 0 0
  12  0                   0 120 1 1
  12  2   0.928240426391421   0 0 0
  12  6   0.862816008678231   0 0 0
  12 12   0.567792287693928   0 0 0
  12 24   0.284685190274518   0 0 0
  12 48  0.0648799194983771   0 0 0
  13  0                   0 120 1 1
  13  2   0.939983420934995   0 0 0
  13  6   0.993747210188351   0 0 0
  13 12   0.900652866628666   0 0 0
  13 24   0.581663497467234   0 0 0
  13 48   0.292907830369087   0 0 0
  14  0                   0 120 1 1
  14  2    1.22186620350216   0 0 0
  14  6    1.09491473136213   0 0 0
  14 12   0.884554989349964   0 0 0
  14 24   0.458546990491943   0 0 0
  14 48    0.14822854236262   0 0 0
  15  0                   0 120 1 1
  15  2   0.922424593179782   0 0 0
  15  6   0.922693286446663   0 0 0
  15 12   0.566090482347494   0 0 0
  15 24   0.235969535917346   0 0 0
  15 48  0.0313524864009445   0 0 0
  16  0                   0 120 1 1
  16  2    1.23582008120099   0 0 0
  16  6   0.950965423200077   0 0 0
  16 12   0.681943127241249   0 0 0
  16 24   0.226347945838818   0 0 0
  16 48  0.0359075732418486   0 0 0
  17  0                   0 120 1 1
  17  2    1.31676701396956   0 0 0
  17  6    1.00588230617954   0 0 0
  17 12   0.699770915172611   0 0 0
  17  0   0.512505721322733   0 0 0
  17  2   0.194257722081945   0 0 0
  18  0                   0 120 1 1
  18 12   0.821930105284097   0 0 0
  18 24   0.730610076465249   0 0 0
  18 48   0.576791113892364   0 0 0
  18  0   0.413082377471869   0 0 0
  18  2   0.199316472185307   0 0 0
  19  0                   0 120 1 1
  19 12   0.879051366098372   0 0 0
  19 24    1.00099312889473   0 0 0
  19 48   0.842534164123942   0 0 0
  19  0   0.581689668252601   0 0 0
  19  2   0.191156610035384   0 0 0
  20  0                   0 120 1 1
  20 12   0.944473655248349   0 0 0
  20 24    1.01412284733194   0 0 0
  20 48   0.546281646126359   0 0 0
  20  0   0.162814109061729   0 0 0
  20  2  0.0160646085756193   0 0 0
  21  0                   0 120 1 1
  21 12   0.814873763644984   0 0 0
  21 24    0.76724234369807   0 0 0
  21 48   0.589527241632609   0 0 0
  21  0   0.320770802185333   0 0 0
  21  2   0.115414586639385   0 0 0
  22  0                   0 120 1 1
  22 12     1.1389120105109   0 0 0
  22 24   0.714294687988576   0 0 0
  22 48   0.443243777792279   0 0 0
  22  0     0.1632412376805   0 0 0
  22  2  0.0180124826193799   0 0 0
  23  0                   0 120 1 1
  23 12   0.995797210867393   0 0 0
  23 24    1.07770434392848   0 0 0
  23 48   0.709402466395433   0 0 0
  23  0   0.341029156455184   0 0 0
  23  2   0.066085109661315   0 0 0
  24  0                   0 120 1 1
  24 12    1.37414687294895   0 0 0
  24 24    1.15155021102002   0 0 0
  24 48    0.39883489194645   0 0 0
  24  0  0.0848066803643528   0 0 0
  24  2 0.00216895148099713   0 0 0
  25  0                   0 120 1 1
  25 12    1.03028319949144   0 0 0
  25 24     1.2177343209978   0 0 0
  25 48   0.855069048492477   0 0 0
  25  0   0.436157376270642   0 0 0
  25  2  0.0980440343830614   0 0 0
  26  0                   0 120 1 1
  26 12   0.727816895083264   0 0 0
  26 24   0.958642235268046   0 0 0
  26 48   0.832732965640192   0 0 0
  26  0   0.551980632798757   0 0 0
  26  2   0.260701655612669   0 0 0
  27  0                   0 120 1 1
  27 12   0.965490110282127   0 0 0
  27 24    1.07994635273122   0 0 0
  27 48   0.798922262712351   0 0 0
  27  0   0.357615402937626   0 0 0
  27  2  0.0637800796328205   0 0 0
  28  0                   0 120 1 1
  28 12    1.05969587599609   0 0 0
  28 24    1.13472909862636   0 0 0
  28 48   0.638904660360073   0 0 0
  28  0   0.302956164832541   0 0 0
  28  2  0.0536660694686348   0 0 0
  29  0                   0 120 1 1
  29 12    1.43083407434359   0 0 0
  29 24    1.23556763568484   0 0 0
  29 48   0.720172260063084   0 0 0
  29  0      0.265719932477   0 0 0
  29  2  0.0377801689193734   0 0 0
  30  0                   0 120 1 1
  30 12   0.971773979923261   0 0 0
  30 24   0.932187542238547   0 0 0
  30 48   0.827033173267208   0 0 0
  30  0   0.610576550765806   0 0 0
  30  2   0.292794058343931   0 0 0
  31  0                   0 120 1 1
  31 12    1.28153312091057   0 0 0
  31 24    1.12078856069178   0 0 0
  31 48   0.658748743691595   0 0 0
  31  0    0.35983304317608   0 0 0
  31  2  0.0754207445973553   0 0 0
  32  0                   0 120 1 1
  32 12    1.10054507243738   0 0 0
  32 24    0.92926673104465   0 0 0
  32 48   0.642116425606518   0 0 0
  32  0   0.237582884369672   0 0 0
  32  2  0.0329696982535906   0 0 0
  33  0                   0 120 1 1
  33 12    1.02065325233556   0 0 0
  33 24     1.1132143430145   0 0 0
  33 48   0.889540442559053   0 0 0
  33  0   0.412035425428032   0 0 0
  33  2  0.0871705799851064   0 0 0
  34  0                   0 120 1 1
  34 12    1.07294265867464   0 0 0
  34  0    1.09720398376168   0 0 0
  34  2   0.718791243996892   0 0 0
  34  6   0.319892307717455   0 0 0
  34 12  0.0370114205831385   0 0 0
  35  0                   0 120 1 1
  35 48   0.952764815208775   0 0 0
  35  0   0.868155322767603   0 0 0
  35  2   0.545091858770148   0 0 0
  35  6   0.339348072557256   0 0 0
  35 12   0.109639736538639   0 0 0
  36  0                   0 120 1 1
  36 48    1.03733841057901   0 0 0
  36  0   0.788501365303788   0 0 0
  36  2   0.510232956189235   0 0 0
  36  6   0.250318566493328   0 0 0
  36 12  0.0763658223316237   0 0 0
  37  0                   0 120 1 1
  37 48    1.08954638689739   0 0 0
  37  0    1.18535330861364   0 0 0
  37  2   0.948195478365469   0 0 0
  37  6   0.587049007481086   0 0 0
  37 12   0.170547268682757   0 0 0
  38  0                   0 120 1 1
  38 48   0.873133078613003   0 0 0
  38  0   0.816861201919929   0 0 0
  38  2   0.572157819577464   0 0 0
  38  6   0.330590518165341   0 0 0
  38 12   0.112670146673937   0 0 0
  39  0                   0 120 1 1
  39 48    1.06958848275836   0 0 0
  39  0   0.935228100991309   0 0 0
  39  2   0.696310201686007   0 0 0
  39  6   0.454373892135771   0 0 0
  39 12   0.157183152342828   0 0 0
  40  0                   0 120 1 1
  40 48    1.28391869900721   0 0 0
  40  0   0.835464423774713   0 0 0
  40  2   0.544618263930101   0 0 0
  40  6   0.261448381006597   0 0 0
  40 12  0.0492063727977287   0 0 0
  41  0                   0 120 1 1
  41 48    1.34054475464087   0 0 0
  41  0    1.16457864683835   0 0 0
  41  2   0.705182208275956   0 0 0
  41  6    0.26563587852452   0 0 0
  41 12   0.037176127504401   0 0 0
  42  0                   0 120 1 1
  42 48    1.64375927849291   0 0 0
  42  0    1.27207751127256   0 0 0
  42  2    0.58352026210192   0 0 0
  42  6   0.208441984050581   0 0 0
  42 12   0.020311146914629   0 0 0
  43  0                   0 120 1 1
  43 48   0.956293273673197   0 0 0
  43  0    0.75732839384971   0 0 0
  43  2   0.346223167571577   0 0 0
  43  6   0.103227796076274   0 0 0
  43 12  0.0106790974751869   0 0 0
  44  0                   0 120 1 1
  44 48    1.05898303246607   0 0 0
  44  0     1.0501605664045   0 0 0
  44  2   0.726515982739894   0 0 0
  44  6   0.419279321864432   0 0 0
  44 12   0.119767193098477   0 0 0
  45  0                   0 120 1 1
  45 48   0.798580795833542   0 0 0
  45  0   0.682423747980529   0 0 0
  45  2   0.454291708068946   0 0 0
  45  6   0.303476270569225   0 0 0
  45 12   0.149110381923131   0 0 0
  46  0                   0 120 1 1
  46 48    1.13444369649153   0 0 0
  46  0    1.02005266258455   0 0 0
  46  2   0.706317003940528   0 0 0
  46  6     0.2806460941704   0 0 0
  46 12  0.0585377057052385   0 0 0
  47  0                   0 120 1 1
  47 48     1.1747010763716   0 0 0
  47  0    1.09208005833438   0 0 0
  47  2   0.815109307770855   0 0 0
  47  6    0.47643177073984   0 0 0
  47 12   0.163168507190639   0 0 0
  48  0                   0 120 1 1
  48 48    1.11025686922594   0 0 0
  48  0   0.947475212752431   0 0 0
  48  2   0.780153734335664   0 0 0
  48  6   0.489414756478936   0 0 0
  48 12   0.174085683951713   0 0 0
  49  0                   0 120 1 1
  49 48   0.996340449221096   0 0 0
  49  0   0.804200019658609   0 0 0
  49  2    0.65918045340871   0 0 0
  49  6   0.410028769007226   0 0 0
  49 12   0.177968873618395   0 0 0
  50  0                   0 120 1 1
  50 48    1.52492654743224   0 0 0
  50  0    1.31646134873169   0 0 0
  50  2    1.04059835953104   0 0 0
  50  6   0.532174139999516   0 0 0
  50 12   0.143168971726951   0 0 0
  51  0                   0 120 1 1
  51  2   0.920171933834548   0 0 0
  51  6    1.00564375949336   0 0 0
  51 12   0.867952970704799   0 0 0
  51 24   0.510403318909302   0 0 0
  51 48   0.221291926369594   0 0 0
  52  0                   0 120 1 1
  52  2    1.49943659653557   0 0 0
  52  6    1.36003165437491   0 0 0
  52 12   0.887718739550354   0 0 0
  52 24   0.436671797461098   0 0 0
  52 48   0.113365197547009   0 0 0
  53  0                   0 120 1 1
  53  2    1.70468225683132   0 0 0
  53  6    1.19964906990088   0 0 0
  53 12   0.658591070932453   0 0 0
  53 24   0.170019231975146   0 0 0
  53 48  0.0152103932569282   0 0 0
  54  0                   0 120 1 1
  54  2     0.9047941614284   0 0 0
  54  6   0.973352750612306   0 0 0
  54 12   0.803617611644851   0 0 0
  54 24    0.63304645224012   0 0 0
  54 48   0.267307176277802   0 0 0
  55  0                   0 120 1 1
  55  2    1.09977411799617   0 0 0
  55  6   0.946054783562395   0 0 0
  55 12   0.628150586330063   0 0 0
  55 24   0.399823688406735   0 0 0
  55 48   0.162545827132882   0 0 0
  56  0                   0 120 1 1
  56  2    1.04711205700089   0 0 0
  56  6   0.984494531144519   0 0 0
  56 12   0.644858861409379   0 0 0
  56 24   0.409399984182479   0 0 0
  56 48   0.138573465380187   0 0 0
  57  0                   0 120 1 1
  57  2   0.981517980525065   0 0 0
  57  6   0.902526559468116   0 0 0
  57 12   0.623626726971014   0 0 0
  57 24   0.295593813386738   0 0 0
  57 48  0.0806255898552222   0 0 0
  58  0                   0 120 1 1
  58  2   0.958883922801139   0 0 0
  58  6    1.04976437330296   0 0 0
  58 12    0.78181085466318   0 0 0
  58 24   0.535173771121593   0 0 0
  58 48   0.261159817863094   0 0 0
  59  0                   0 120 1 1
  59  2   0.750338639016473   0 0 0
  59  6   0.920541451826615   0 0 0
  59 12    0.78383416628142   0 0 0
  59 24    0.44690740890836   0 0 0
  59 48   0.152240997185295   0 0 0
  60  0                   0 120 1 1
  60  2    1.10660921699029   0 0 0
  60  6   0.868022169990978   0 0 0
  60 12   0.361678099273358   0 0 0
  60 24  0.0892921877436127   0 0 0
  60 48 0.00529736905612661   0 0 0
  61  0                   0 120 1 1
  61  2    1.35344808041967   0 0 0
  61  6    1.14093093742085   0 0 0
  61 12   0.733801151732091   0 0 0
  61 24   0.258169659653631   0 0 0
  61 48  0.0404567287995622   0 0 0
  62  0                   0 120 1 1
  62  2    1.01667207770461   0 0 0
  62  6   0.773738585252346   0 0 0
  62 12   0.705410270912203   0 0 0
  62 24   0.411907980134856   0 0 0
  62 48   0.114207845533571   0 0 0
  63  0                   0 120 1 1
  63  2     1.2545322379957   0 0 0
  63  6    1.01672720435596   0 0 0
  63 12   0.895014337737343   0 0 0
  63 24   0.442848364908069   0 0 0
  63 48   0.168256218810735   0 0 0
  64  0                   0 120 1 1
  64  2    1.11532240183161   0 0 0
  64  6    1.08691451483655   0 0 0
  64 12    0.90911757330062   0 0 0
  64 24   0.713120668983808   0 0 0
  64 48   0.309002727957912   0 0 0
  65  0                   0 120 1 1
  65  2   0.840527154011965   0 0 0
  65  6   0.929421583227932   0 0 0
  65 12   0.808348864190376   0 0 0
  65 24   0.571871806298477   0 0 0
  65 48    0.30643840605429   0 0 0
  66  0                   0 120 1 1
  66  2    1.08847184242911   0 0 0
  66  6    1.03153947281865   0 0 0
  66 12   0.865616799074085   0 0 0
  66 24   0.620151266096269   0 0 0
  66 48   0.363710429160203   0 0 0
  67  0                   0 120 1 1
  67  2    1.15925355350491   0 0 0
  67  6    1.08257578652513   0 0 0
  67 12   0.757964259927046   0 0 0
  67  0   0.501169038958234   0 0 0
  67  2   0.202771047150658   0 0 0
  68  0                   0 120 1 1
  68 12    1.03540971333677   0 0 0
  68 24   0.808407217411059   0 0 0
  68 48   0.596416618860759   0 0 0
  68  0   0.233481933593525   0 0 0
  68  2  0.0492205759378696   0 0 0
  69  0                   0 120 1 1
  69 12    1.26049881825466   0 0 0
  69 24    1.15546529829533   0 0 0
  69 48   0.851435406435053   0 0 0
  69  0   0.468931525067357   0 0 0
  69  2   0.172468161882154   0 0 0
  70  0                   0 120 1 1
  70 12    1.02432395937815   0 0 0
  70 24    1.01341806392048   0 0 0
  70 48    0.86141504025225   0 0 0
  70  0   0.604507769715245   0 0 0
  70  2    0.27813562392702   0 0 0
  71  0                   0 120 1 1
  71 12     1.1709107689907   0 0 0
  71 24    1.12561021091562   0 0 0
  71 48   0.770167706425436   0 0 0
  71  0   0.348302695314896   0 0 0
  71  2  0.0638844046959666   0 0 0
  72  0                   0 120 1 1
  72 12    1.06443325267091   0 0 0
  72 24    1.00413749125106   0 0 0
  72 48   0.657907326780166   0 0 0
  72  0   0.329269241488715   0 0 0
  72  2  0.0682151858371991   0 0 0
  73  0                   0 120 1 1
  73 12    1.63940607861613   0 0 0
  73 24   0.836867949453237   0 0 0
  73 48    0.43902420336584   0 0 0
  73  0   0.150417977278455   0 0 0
  73  2  0.0182382695537147   0 0 0
  74  0                   0 120 1 1
  74 12   0.984852372211086   0 0 0
  74 24   0.935487868658176   0 0 0
  74 48   0.572678777727668   0 0 0
  74  0   0.212438208250915   0 0 0
  74  2  0.0246401335718295   0 0 0
  75  0                   0 120 1 1
  75 12   0.834641522908925   0 0 0
  75 24   0.890189784743595   0 0 0
  75 48   0.596159603197911   0 0 0
  75  0   0.314359330572885   0 0 0
  75  2  0.0813189647975117   0 0 0
  76  0                   0 120 1 1
  76 12   0.886264023416805   0 0 0
  76 24   0.876438763915394   0 0 0
  76 48   0.656588651774009   0 0 0
  76  0   0.336516126380287   0 0 0
  76  2   0.108620314760703   0 0 0
  77  0                   0 120 1 1
  77 12     1.3227135604667   0 0 0
  77 24    1.28464637155991   0 0 0
  77 48    1.00387366664285   0 0 0
  77  0   0.509233071941906   0 0 0
  77  2   0.152058332898302   0 0 0
  78  0                   0 120 1 1
  78 12   0.987905109192516   0 0 0
  78 24   0.784638534067627   0 0 0
  78 48   0.388582528317895   0 0 0
  78  0  0.0935434057130027   0 0 0
  78  2 0.00644377701744839   0 0 0
  79  0                   0 120 1 1
  79 12    1.36663490644362   0 0 0
  79 24    1.20192337106098   0 0 0
  79 48   0.832641495495619   0 0 0
  79  0   0.445202716933954   0 0 0
  79  2   0.124164613830078   0 0 0
  80  0                   0 120 1 1
  80 12   0.715357164417866   0 0 0
  80 24   0.660756617196681   0 0 0
  80 48   0.523080780762804   0 0 0
  80  0   0.352374865150847   0 0 0
  80  2   0.163871606392116   0 0 0
  81  0                   0 120 1 1
  81 12    1.35835605055032   0 0 0
  81 24   0.904932105657571   0 0 0
  81 48   0.566235723531736   0 0 0
  81  0   0.225360333314638   0 0 0
  81  2  0.0384002327393587   0 0 0
  82  0                   0 120 1 1
  82 12   0.736950179288715   0 0 0
  82 24   0.905121404658751   0 0 0
  82 48    0.75879133103829   0 0 0
  82  0   0.528068383063217   0 0 0
  82  2   0.226166828012648   0 0 0
  83  0                   0 120 1 1
  83 12    1.37285808934966   0 0 0
  83 24    1.07007013659436   0 0 0
  83 48   0.827604426430406   0 0 0
  83  0   0.534738213463421   0 0 0
  83  2   0.167522351084062   0 0 0
  84  0                   0 120 1 1
  84 12   0.916808821308712   0 0 0
  84  0    1.01517960454198   0 0 0
  84  2   0.577279970056083   0 0 0
  84  6    0.18776869135607   0 0 0
  84 12  0.0270562319393302   0 0 0
  85  0                   0 120 1 1
  85 48   0.617841618530414   0 0 0
  85  0    0.80397532369061   0 0 0
  85  2   0.707153280885356   0 0 0
  85  6   0.428245018374624   0 0 0
  85 12   0.120933113778985   0 0 0
  86  0                   0 120 1 1
  86 48   0.880994899025312   0 0 0
  86  0    1.05731922482325   0 0 0
  86  2   0.886155596848691   0 0 0
  86  6   0.402510024689036   0 0 0
  86 12  0.0888154282526225   0 0 0
  87  0                   0 120 1 1
  87 48    1.64996592849206   0 0 0
  87  0       1.33512063015   0 0 0
  87  2    1.14108087067643   0 0 0
  87  6   0.696245655015669   0 0 0
  87 12   0.273874521588422   0 0 0
  88  0                   0 120 1 1
  88 48    1.03023828858652   0 0 0
  88  0    1.19024074268932   0 0 0
  88  2   0.743780699056268   0 0 0
  88  6   0.478011697800466   0 0 0
  88 12   0.139974940273431   0 0 0
  89  0                   0 120 1 1
  89 48   0.933252934353247   0 0 0
  89  0   0.649529666621453   0 0 0
  89  2   0.563034146086659   0 0 0
  89  6   0.285737158391497   0 0 0
  89 12  0.0834934647483476   0 0 0
  90  0                   0 120 1 1
  90 48    1.21248774175494   0 0 0
  90  0   0.993332864176412   0 0 0
  90  2   0.734289849134679   0 0 0
  90  6   0.413444452905898   0 0 0
  90 12   0.111276727300782   0 0 0
  91  0                   0 120 1 1
  91 48    1.37911344978056   0 0 0
  91  0    1.04411619861164   0 0 0
  91  2     0.7536561832034   0 0 0
  91  6   0.318595968946058   0 0 0
  91 12   0.075453767150746   0 0 0
  92  0                   0 120 1 1
  92 48    1.10849641283807   0 0 0
  92  0   0.917679197299301   0 0 0
  92  2   0.820543693334238   0 0 0
  92  6    0.52199279163733   0 0 0
  92 12   0.206335575456064   0 0 0
  93  0                   0 120 1 1
  93 48    1.11057307860079   0 0 0
  93  0   0.998832585979358   0 0 0
  93  2   0.878089020458684   0 0 0
  93  6    0.62463901131886   0 0 0
  93 12   0.267006547229857   0 0 0
  94  0                   0 120 1 1
  94 48    1.08460792750637   0 0 0
  94  0    1.00837981889208   0 0 0
  94  2   0.744412614544677   0 0 0
  94  6   0.513106533776005   0 0 0
  94 12   0.217614580706706   0 0 0
  95  0                   0 120 1 1
  95 48    1.34641676486384   0 0 0
  95  0    1.50106022927852   0 0 0
  95  2   0.935790813781758   0 0 0
  95  6   0.359543555065623   0 0 0
  95 12  0.0652290793596302   0 0 0
  96  0                   0 120 1 1
  96 48    1.85557517135768   0 0 0
  96  0    1.31416945777653   0 0 0
  96  2   0.733045078371095   0 0 0
  96  6   0.326589597047132   0 0 0
  96 12  0.0517608107707048   0 0 0
  97  0                   0 120 1 1
  97 48   0.873430421951831   0 0 0
  97  0     0.8953204623275   0 0 0
  97  2   0.608968580151459   0 0 0
  97  6   0.300448696370563   0 0 0
  97 12  0.0669964174797574   0 0 0
  98  0                   0 120 1 1
  98 48    1.13076629604652   0 0 0
  98  0   0.691815203586292   0 0 0
  98  2   0.451430739735548   0 0 0
  98  6   0.147873662507374   0 0 0
  98 12  0.0135502269488756   0 0 0
  99  0                   0 120 1 1
  99 48   0.722356690751606   0 0 0
  99  0   0.983823515062019   0 0 0
  99  2   0.750614173352082   0 0 0
  99  6   0.417119411187421   0 0 0
  99 12   0.131584196890086   0 0 0
 100  0                   0 120 1 1
 100 48   0.868040780289301   0 0 0
 100  0   0.988883134425296   0 0 0
 100  2   0.668958445797946   0 0 0
 100  6   0.385607301548093   0 0 0
 100 12   0.122320904928863   0 0 0
